0.988353 0.011637 0.000010
0.999980 0.000010 0.000010
0.985820 0.014170 0.000010
0.999980 0.000010 0.000010
0.999488 0.000502 0.000010
0.999980 0.000010 0.000010
0.999980 0.000010 0.000010
0.999980 0.000010 0.000010
0.933850 0.066140 0.000010
0.999980 0.000010 0.000010
0.999535 0.000455 0.000010
0.999980 0.000010 0.000010
0.999980 0.000010 0.000010
0.999980 0.000010 0.000010
0.965346 0.034644 0.000010
0.991142 0.008848 0.000010
0.999980 0.000010 0.000010
0.957449 0.042541 0.000010
0.999980 0.000010 0.000010
0.947541 0.052449 0.000010
0.915119 0.084871 0.000010
0.959234 0.040756 0.000010
0.956953 0.043037 0.000010
0.963864 0.036126 0.000010
0.966702 0.033288 0.000010
0.967393 0.032597 0.000010
0.997914 0.002076 0.000010
0.999980 0.000010 0.000010
0.999980 0.000010 0.000010
0.988660 0.011330 0.000010
0.999980 0.000010 0.000010
0.994027 0.005963 0.000010
0.978227 0.021763 0.000010
0.999980 0.000010 0.000010
0.999980 0.000010 0.000010
0.991344 0.008646 0.000010
0.996220 0.003770 0.000010
0.981472 0.018518 0.000010
0.774414 0.000010 0.225576
0.808080 0.012195 0.179724
0.865608 0.054204 0.080189
0.830942 0.128714 0.040345
0.925799 0.032824 0.041377
0.867703 0.104233 0.028064
0.899451 0.000010 0.100539
0.905817 0.000010 0.094173
0.898012 0.000010 0.101978
0.915277 0.000010 0.084713
0.893094 0.000010 0.106896
0.900613 0.000010 0.099377
0.909046 0.000010 0.090944
0.913721 0.000010 0.086269
0.935667 0.026572 0.037761
0.944377 0.000010 0.055613
0.970417 0.000010 0.029573
0.977837 0.000010 0.022153
0.954982 0.029869 0.015149
0.980636 0.000010 0.019354
0.965103 0.016015 0.018881
0.958473 0.000010 0.041517
0.980058 0.000010 0.019932
0.966185 0.000010 0.033805
0.962083 0.000392 0.037524
0.988660 0.000491 0.010849
0.962000 0.037990 0.000010
0.999980 0.000010 0.000010
0.950002 0.014948 0.035051
0.981396 0.000986 0.017618
0.978411 0.000010 0.021579
0.974298 0.000010 0.025692
0.972424 0.001807 0.025769
0.970319 0.000010 0.029671
0.992224 0.000010 0.007766
0.982478 0.000010 0.017512
0.864439 0.032165 0.103396
0.894708 0.000010 0.105282
0.907280 0.000010 0.092710
0.908078 0.000010 0.091912
0.905353 0.000010 0.094637
0.891263 0.000010 0.108727
0.898282 0.015311 0.086407
0.879529 0.015110 0.105361
0.912437 0.000010 0.087553
0.908067 0.008772 0.083162
0.922903 0.015179 0.061918
0.956346 0.000010 0.043644
0.954932 0.000010 0.045058
0.891000 0.036270 0.072730
0.920774 0.007247 0.071979
0.455441 0.104946 0.439613
0.630709 0.025404 0.343887
0.718290 0.047850 0.233860
0.000010 0.000010 0.999980
0.000010 0.000010 0.999980
0.000010 0.000010 0.999980
0.000010 0.000010 0.999980
0.000010 0.000010 0.999980
0.000010 0.000010 0.999980
0.000010 0.000010 0.999980
0.000010 0.000010 0.999980
0.000010 0.000010 0.999980
0.000010 0.000010 0.999980
0.000010 0.000010 0.999980
0.000010 0.000010 0.999980
0.000010 0.000010 0.999980
0.000010 0.000010 0.999980
0.000010 0.000010 0.999980
0.000010 0.000010 0.999980
0.000010 0.000010 0.999980
0.000010 0.000010 0.999980
0.000010 0.000010 0.999980
0.000010 0.000010 0.999980
0.044314 0.000010 0.955676
0.015972 0.000010 0.984018
0.000010 0.000010 0.999980
0.000010 0.000010 0.999980
0.008024 0.000010 0.991966
0.066982 0.000010 0.933008
0.037233 0.000010 0.962757
0.007986 0.000010 0.992004
0.073737 0.000010 0.926253
0.000010 0.000010 0.999980
0.008311 0.000010 0.991679
0.083947 0.000010 0.916043
0.037690 0.000010 0.962300
0.059083 0.000010 0.940907
0.103656 0.008783 0.887561
0.022795 0.000010 0.977195
0.070680 0.000010 0.929310
0.025109 0.000010 0.974881
0.076995 0.000010 0.922995
0.068319 0.012443 0.919238
0.172690 0.027642 0.799668
0.111187 0.005196 0.883617
0.075504 0.044006 0.880490
0.062795 0.000010 0.937195
0.048877 0.007568 0.943554
0.140695 0.024283 0.835022
0.188323 0.011608 0.800069
0.076982 0.000010 0.923008
0.070004 0.008242 0.921754
0.057005 0.000010 0.942985
0.091452 0.029078 0.879471
0.134159 0.007378 0.858463
0.109028 0.014367 0.876605
0.000010 0.000010 0.999980
0.070763 0.000010 0.929227
0.176782 0.010235 0.812983
0.019706 0.000010 0.980284
0.152292 0.005681 0.842028
0.124057 0.005209 0.870734
0.027804 0.000010 0.972186
0.088721 0.000010 0.911269
0.140828 0.005147 0.854025
0.180148 0.009946 0.809905
0.135268 0.005830 0.858902
0.000010 0.000010 0.999980
0.000010 0.000010 0.999980
0.000010 0.000010 0.999980
0.000010 0.000010 0.999980
0.000010 0.000010 0.999980
0.009610 0.000010 0.990380
0.000010 0.000010 0.999980
0.013935 0.000010 0.986055
0.000010 0.000010 0.999980
0.001035 0.000010 0.998955
0.012462 0.000010 0.987528
0.008223 0.000010 0.991767
0.001057 0.000010 0.998933
0.017924 0.000010 0.982066
0.037629 0.003475 0.958896
0.040995 0.001163 0.957842
0.042732 0.010146 0.947123
0.029525 0.007927 0.962548
0.115837 0.000010 0.884153
0.045757 0.000010 0.954233
0.044124 0.009894 0.945982
0.038711 0.009064 0.952225
0.077432 0.010919 0.911649
0.070381 0.012782 0.916838
0.046730 0.000010 0.953260
0.063267 0.000010 0.936723
0.038819 0.007249 0.953932
0.044695 0.006869 0.948435
0.042935 0.000010 0.957055
0.044736 0.000010 0.955254
0.069489 0.000010 0.930501
0.069928 0.004646 0.925426
0.070135 0.000010 0.929855
0.064078 0.004500 0.931421
0.000010 0.999980 0.000010
0.000010 0.999980 0.000010
0.000010 0.999980 0.000010
0.000010 0.999980 0.000010
0.000010 0.999980 0.000010
0.059946 0.935248 0.004805
0.032962 0.967028 0.000010
0.000010 0.999980 0.000010
0.128182 0.850854 0.020964
0.057283 0.922439 0.020278
0.016561 0.983429 0.000010
0.216293 0.769141 0.014567
0.242687 0.725387 0.031926
0.000010 0.999980 0.000010
0.000010 0.999980 0.000010
0.000010 0.999980 0.000010
0.559995 0.434844 0.005162
0.550642 0.439647 0.009711
0.552631 0.437762 0.009607
0.549106 0.436635 0.014259
0.557061 0.425558 0.017381
0.536176 0.442530 0.021294
0.563548 0.429543 0.006909
0.419999 0.565350 0.014651
0.439999 0.539925 0.020077
0.420620 0.560351 0.019029
0.457177 0.531050 0.011773
0.469247 0.516698 0.014055
0.442974 0.544056 0.012970
0.425895 0.560759 0.013346
0.435765 0.545840 0.018396
0.417540 0.563461 0.018999
0.455919 0.526735 0.017346
0.443616 0.530890 0.025495
0.433304 0.555619 0.011077
0.426231 0.562751 0.011018
0.324868 0.652477 0.022655
0.324958 0.658216 0.016827
0.328621 0.645146 0.026233
0.242780 0.741746 0.015474
0.246688 0.739505 0.013807
0.250467 0.737642 0.011891
0.253158 0.732740 0.014103
0.295332 0.670935 0.033733
0.293392 0.685637 0.020971
0.259475 0.721550 0.018975
0.267180 0.709393 0.023427
0.255606 0.721214 0.023179
0.279630 0.695130 0.025240
0.279175 0.690651 0.030174
0.250539 0.731159 0.018302
0.174569 0.816749 0.008683
0.168054 0.821591 0.010355
0.198291 0.787939 0.013770
0.207269 0.783835 0.008896
0.000010 0.999980 0.000010
0.000010 0.999980 0.000010
0.013570 0.980980 0.005451
0.000010 0.999980 0.000010
0.005890 0.983058 0.011051
0.003121 0.992076 0.004803
0.005567 0.992862 0.001571
0.012974 0.987016 0.000010
0.027650 0.972234 0.000117
0.063980 0.936010 0.000010
0.020574 0.979416 0.000010
0.038705 0.957145 0.004150
0.020863 0.974512 0.004625
0.019639 0.980351 0.000010
0.015902 0.974883 0.009215
0.035492 0.963556 0.000952
0.030937 0.965137 0.003926
0.026591 0.973399 0.000010
0.023599 0.967162 0.009239
0.030002 0.969988 0.000010
0.034321 0.965669 0.000010
0.027813 0.972177 0.000010
0.030701 0.969289 0.000010
0.042145 0.952145 0.005710
0.034353 0.954267 0.011380
0.026074 0.968868 0.005057
0.029159 0.963545 0.007296
0.022759 0.974250 0.002991
0.040409 0.959043 0.000548
0.017587 0.975437 0.006975
0.034330 0.965660 0.000010
0.004310 0.991143 0.004547
0.009855 0.985493 0.004652
0.000010 0.999980 0.000010
0.007799 0.990467 0.001734
0.005577 0.992627 0.001796
0.012381 0.983276 0.004344
0.005541 0.991806 0.002653
0.005360 0.990969 0.003671
0.003138 0.996852 0.000010
0.002993 0.996997 0.000010
0.000010 0.999980 0.000010
0.008901 0.991089 0.000010
0.000010 0.996452 0.003538
0.000010 0.994356 0.005634
0.000010 0.999980 0.000010
0.001650 0.998340 0.000010
0.000305 0.999685 0.000010
0.004217 0.993629 0.002154
0.008545 0.991445 0.000010
0.000010 0.999980 0.000010
0.001319 0.994419 0.004262
0.000010 0.999980 0.000010
0.006471 0.990272 0.003257
0.006409 0.984596 0.008995
0.000667 0.998646 0.000687
0.000010 0.998107 0.001883
0.008746 0.991244 0.000010
0.000010 0.998486 0.001504
0.000010 0.998433 0.001557
0.005817 0.991777 0.002405
0.004943 0.994821 0.000236
0.000010 0.992778 0.007212
0.000010 0.997230 0.002760
0.000010 0.999361 0.000629
0.001009 0.995266 0.003725
0.006770 0.989465 0.003765
0.001890 0.995536 0.002574
0.002745 0.997245 0.000010
0.000010 0.998308 0.001682
0.000010 0.999980 0.000010
0.000010 0.996547 0.003443
0.001943 0.998047 0.000010
0.000010 0.999980 0.000010
0.008087 0.991903 0.000010
0.002943 0.997047 0.000010
0.003121 0.996869 0.000010
0.001844 0.998146 0.000010
0.009991 0.984603 0.005406
0.004960 0.992214 0.002826
0.001244 0.996691 0.002065
0.005230 0.989497 0.005273
0.004270 0.994538 0.001192
0.000010 0.991776 0.008214
0.000010 0.999980 0.000010
0.000010 0.999980 0.000010
0.007114 0.988387 0.004499
0.004145 0.988874 0.006982
0.000301 0.997844 0.001856
0.000010 0.995116 0.004874
0.000010 0.994525 0.005465
0.001616 0.995303 0.003081
0.000010 0.997863 0.002127
0.000010 0.995825 0.004165
0.008216 0.988253 0.003530
0.007393 0.990497 0.002110
0.000010 0.996587 0.003403
0.002129 0.997861 0.000010
0.002136 0.997854 0.000010
0.005891 0.991322 0.002787
0.004366 0.995624 0.000010
0.001023 0.998967 0.000010
0.002291 0.992506 0.005203
0.005495 0.994495 0.000010
0.005938 0.994052 0.000010
0.005329 0.994439 0.000232
0.000010 0.997070 0.002920
0.000010 0.999145 0.000845
0.000010 0.995806 0.004184
0.003134 0.996856 0.000010
0.000010 0.997039 0.002951
0.000010 0.998218 0.001772
0.000010 0.994695 0.005295
0.000010 0.999980 0.000010
0.004984 0.995006 0.000010
0.000010 0.993398 0.006592
0.000010 0.999980 0.000010
0.185135 0.811740 0.003125
0.129836 0.862956 0.007208
0.106638 0.889158 0.004204
0.184431 0.796704 0.018865
0.107028 0.852458 0.040515
0.125180 0.866365 0.008455
0.112603 0.874405 0.012992
0.146852 0.834972 0.018176
0.178680 0.805941 0.015379
0.547523 0.410656 0.041821
0.097198 0.878761 0.024041
0.112775 0.882629 0.004596
0.020715 0.962914 0.016372
0.049447 0.940138 0.010415
0.037078 0.951587 0.011335
0.045011 0.946827 0.008162
0.045966 0.943517 0.010517
0.035535 0.956824 0.007642
0.077122 0.912039 0.010839
0.046514 0.944920 0.008566
0.056109 0.938610 0.005281
0.025019 0.956879 0.018102
0.043788 0.949490 0.006722
0.033303 0.953507 0.013190
0.049105 0.945633 0.005261
0.052271 0.943416 0.004314
0.035970 0.946614 0.017416
0.046563 0.943578 0.009859
0.036635 0.956453 0.006912
0.041978 0.950580 0.007442
0.051542 0.941022 0.007437
0.042100 0.947487 0.010413
0.040059 0.947884 0.012058
0.037027 0.957341 0.005632
0.000010 0.999980 0.000010
0.000010 0.999980 0.000010
0.000010 0.999980 0.000010
0.000010 0.999980 0.000010
0.000010 0.999980 0.000010
0.000010 0.999980 0.000010
0.000010 0.999980 0.000010
0.000010 0.999980 0.000010
0.000010 0.999980 0.000010
0.000010 0.999980 0.000010
0.000010 0.999980 0.000010
0.000010 0.999979 0.000011
0.000010 0.999980 0.000010
0.000010 0.999980 0.000010
0.000010 0.999980 0.000010
0.000010 0.999980 0.000010
0.000010 0.999980 0.000010
0.000010 0.999980 0.000010
0.000010 0.999980 0.000010
0.000010 0.999980 0.000010
0.000010 0.999980 0.000010
0.000010 0.999980 0.000010
0.000010 0.999980 0.000010
0.000010 0.999980 0.000010
0.000010 0.999980 0.000010
0.000010 0.999980 0.000010
0.000010 0.999980 0.000010
0.000010 0.999980 0.000010
0.000010 0.999980 0.000010
0.000010 0.999980 0.000010
0.117680 0.841070 0.041250
0.142136 0.821246 0.036618
0.133029 0.823341 0.043630
0.138495 0.825367 0.036138
0.114948 0.844491 0.040561
0.976263 0.000010 0.023727
0.980085 0.000010 0.019905
0.981072 0.000010 0.018918
0.978844 0.003055 0.018101
0.974972 0.000014 0.025013
0.965904 0.005357 0.028739
0.966950 0.003418 0.029632
0.971447 0.000010 0.028543
0.983687 0.000010 0.016303
0.982607 0.000010 0.017383
0.939675 0.001482 0.058843
0.962210 0.006256 0.031534
0.969421 0.002622 0.027957
0.967061 0.000010 0.032929
0.977232 0.001622 0.021146
0.960098 0.005522 0.034380
0.967727 0.000010 0.032263
0.968802 0.005421 0.025777
0.968045 0.005647 0.026308
0.964109 0.006984 0.028906
0.963723 0.004797 0.031480
0.964795 0.003238 0.031966
0.960990 0.001831 0.037179
0.977097 0.005283 0.017619
0.965600 0.003367 0.031033
0.958744 0.002419 0.038837
0.986291 0.007241 0.006468
0.970689 0.009938 0.019374
0.977677 0.006037 0.016285
0.971335 0.007679 0.020986
0.979668 0.006977 0.013355
0.971872 0.008840 0.019287
0.980388 0.014089 0.005523
0.977309 0.011553 0.011138
0.982850 0.010684 0.006466
0.987290 0.009207 0.003503
0.986938 0.010802 0.002260
0.977452 0.014868 0.007681
0.981116 0.007571 0.011313
0.979515 0.009193 0.011292
0.973027 0.019579 0.007395
0.973711 0.022092 0.004197
0.960645 0.020555 0.018800
0.970587 0.018788 0.010625
0.958398 0.031926 0.009675
0.967034 0.020030 0.012937
0.963104 0.027168 0.009728
0.966329 0.021028 0.012642
0.967389 0.025327 0.007283
0.956663 0.025623 0.017714
0.961830 0.028124 0.010046
0.955389 0.020752 0.023860
0.969440 0.024004 0.006556
0.976035 0.011346 0.012619
0.960413 0.028913 0.010674
0.958066 0.025217 0.016718
0.968597 0.025242 0.006160
0.967202 0.018114 0.014684
0.950136 0.033672 0.016191
0.951931 0.026097 0.021972
0.971514 0.016427 0.012060
0.958509 0.025205 0.016286
0.954732 0.028109 0.017159
0.970179 0.019687 0.010134
0.953212 0.025140 0.021648
0.958937 0.028776 0.012287
0.968975 0.022191 0.008834
0.959239 0.034234 0.006527
0.960809 0.024823 0.014368
0.961899 0.024893 0.013208
0.964248 0.017119 0.018633
0.970204 0.015696 0.014100
0.954703 0.032502 0.012795
0.971431 0.013659 0.014909
0.966310 0.020334 0.013356
0.968001 0.023481 0.008519
0.961606 0.019879 0.018515
0.976384 0.011819 0.011798
0.959369 0.028251 0.012380
0.953172 0.000010 0.046818
0.952114 0.000010 0.047876
0.942580 0.008148 0.049273
0.951125 0.000010 0.048865
0.954409 0.000010 0.045581
0.952522 0.000010 0.047468
0.959025 0.000010 0.040965
0.961120 0.000010 0.038870
0.945351 0.020924 0.033724
0.965605 0.000010 0.034385
0.967598 0.000010 0.032392
0.970333 0.000010 0.029657
0.978401 0.000010 0.021589
0.970838 0.000010 0.029152
0.981124 0.000010 0.018866
0.961476 0.000010 0.038514
0.978267 0.005063 0.016670
0.971613 0.000010 0.028377
0.973845 0.000010 0.026145
0.921981 0.000010 0.078009
0.914437 0.000010 0.085553
0.930480 0.000010 0.069510
0.926925 0.007551 0.065524
0.927512 0.000010 0.072478
0.914154 0.000010 0.085836
0.917173 0.012128 0.070699
0.923722 0.000010 0.076268
0.941328 0.000010 0.058662
0.906309 0.021355 0.072336
0.930504 0.000010 0.069486
0.936076 0.000010 0.063914
0.919717 0.000010 0.080273
0.922776 0.000010 0.077214
0.932422 0.000010 0.067568
0.927667 0.000010 0.072323
0.923973 0.004122 0.071905
0.935964 0.000010 0.064026
0.894078 0.000010 0.105912
0.861129 0.000010 0.138861
0.907678 0.000010 0.092312
0.870670 0.000010 0.129320
0.888711 0.000010 0.111279
0.887488 0.000010 0.112502
0.885850 0.000010 0.114140
0.871680 0.000010 0.128310
0.902061 0.000010 0.097929
0.904645 0.000010 0.095345
0.896013 0.000010 0.103977
0.891045 0.000010 0.108945
0.874071 0.000010 0.125919
0.895821 0.000010 0.104169
0.888292 0.000010 0.111698
0.881973 0.000010 0.118017
0.890414 0.000010 0.109576
0.885920 0.000010 0.114070
0.887919 0.000010 0.112071
0.900330 0.000010 0.099660
0.887385 0.000010 0.112605
0.947059 0.000010 0.052931
0.936428 0.000010 0.063562
0.905759 0.000010 0.094231
0.932671 0.000010 0.067319
0.934862 0.000010 0.065128
0.887937 0.000010 0.112053
0.900411 0.000010 0.099579
0.942990 0.000010 0.057000
0.927268 0.000010 0.072722
0.916594 0.000010 0.083396
0.923540 0.000010 0.076450
0.934715 0.000010 0.065275
0.936402 0.000010 0.063588
0.870587 0.000010 0.129403
0.905565 0.000010 0.094425
0.932306 0.000010 0.067684
0.899901 0.000010 0.100089
0.895928 0.000010 0.104062
0.932003 0.000010 0.067987
0.908500 0.000010 0.091490
0.959215 0.000010 0.040775
0.885514 0.000010 0.114476
0.884090 0.000010 0.115900
0.886706 0.000010 0.113284
0.911255 0.010917 0.077828
0.891604 0.008456 0.099941
0.900053 0.008080 0.091867
0.887775 0.009235 0.102990
0.907083 0.022868 0.070049
0.911514 0.004904 0.083582
0.908402 0.006209 0.085389
0.875167 0.029194 0.095639
0.915671 0.000010 0.084319
0.842011 0.000010 0.157979
0.881759 0.000010 0.118231
0.843008 0.000010 0.156982
0.882436 0.000010 0.117554
0.905505 0.003460 0.091035
0.851113 0.004391 0.144496
0.918682 0.000109 0.081208
0.983971 0.000010 0.016019
0.843737 0.007905 0.148357
0.911599 0.000010 0.088391
0.981933 0.000010 0.018057
0.967570 0.000010 0.032420
0.868664 0.000010 0.131326
0.928300 0.000010 0.071690
0.969092 0.022199 0.008709
0.828209 0.000921 0.170870
0.908985 0.000010 0.091005
0.838107 0.002412 0.159481
0.896802 0.000010 0.103188
0.842605 0.007189 0.150207
0.906142 0.003591 0.090267
0.896688 0.005090 0.098222
0.817209 0.001303 0.181488
0.864783 0.000010 0.135207
0.932711 0.009983 0.057306
0.974824 0.023096 0.002081
0.938247 0.000010 0.061743
0.964203 0.000010 0.035787
0.861749 0.007254 0.130997
0.924828 0.000373 0.074799
0.842040 0.000010 0.157950
0.811868 0.024236 0.163896
0.893713 0.002090 0.104197
0.984336 0.000010 0.015654
0.874625 0.004559 0.120816
0.895348 0.002923 0.101729
0.889863 0.001166 0.108971
0.968444 0.000010 0.031546
0.909693 0.011686 0.078620
0.992864 0.000010 0.007126
0.903472 0.001498 0.095031
0.883341 0.001176 0.115484
0.980722 0.000116 0.019162
0.902710 0.008187 0.089103
0.935792 0.000010 0.064198
0.974793 0.000010 0.025197
0.917719 0.018743 0.063538
0.815438 0.001786 0.182776
0.842686 0.000010 0.157304
0.851205 0.000010 0.148785
0.928465 0.000010 0.071525
0.847845 0.000010 0.152145
0.991201 0.000010 0.008789
0.854570 0.004936 0.140493
0.887637 0.000010 0.112353
0.992155 0.000010 0.007835
0.991998 0.000010 0.007992
0.983583 0.000010 0.016407
0.984802 0.007975 0.007224
0.995667 0.000010 0.004323
0.973852 0.009332 0.016816
0.987762 0.000010 0.012228
0.983466 0.000010 0.016524
0.982400 0.000010 0.017590
0.977122 0.000010 0.022868
0.982257 0.000010 0.017733
0.991445 0.000010 0.008545
0.977934 0.000010 0.022056
0.985271 0.000010 0.014719
0.989940 0.000010 0.010050
0.971305 0.000010 0.028685
0.982101 0.000010 0.017889
0.987315 0.000010 0.012675
0.974381 0.000010 0.025609
0.985452 0.000010 0.014538
0.975378 0.000010 0.024612
0.982914 0.000010 0.017076
0.982830 0.000010 0.017160
0.990611 0.000010 0.009379
0.976384 0.010145 0.013471
0.983223 0.000010 0.016767
0.994475 0.000010 0.005515
0.997910 0.002080 0.000010
0.988457 0.000010 0.011533
0.995319 0.000010 0.004671
0.994462 0.000010 0.005528
0.977546 0.000539 0.021916
0.985728 0.000010 0.014262
0.993109 0.000010 0.006881
0.999840 0.000010 0.000150
0.994748 0.000010 0.005242
0.988964 0.008401 0.002634
0.993882 0.000010 0.006108
0.990897 0.000010 0.009093
0.988191 0.000010 0.011799
0.989947 0.000010 0.010043
0.999658 0.000010 0.000332
0.990336 0.000010 0.009654
0.994240 0.000010 0.005750
0.998519 0.000010 0.001471
0.999980 0.000010 0.000010
0.976517 0.000010 0.023473
0.974384 0.000010 0.025606
0.978411 0.000010 0.021579
0.962423 0.000111 0.037466
0.962141 0.008178 0.029680
0.974493 0.000010 0.025497
0.981087 0.000010 0.018903
0.972248 0.000010 0.027742
0.984479 0.000010 0.015511
0.978362 0.000010 0.021628
0.952330 0.039080 0.008590
0.954797 0.039153 0.006051
0.972328 0.016228 0.011444
0.971211 0.017806 0.010984
0.984518 0.008507 0.006975
0.983111 0.008965 0.007925
0.980951 0.012758 0.006291
0.982651 0.007837 0.009513
0.984379 0.013823 0.001798
0.986268 0.006418 0.007314
0.989149 0.003423 0.007428
0.988372 0.005219 0.006409
0.979568 0.007673 0.012759
0.964535 0.029193 0.006271
0.974473 0.016013 0.009515
0.973679 0.015665 0.010655
0.982509 0.007567 0.009924
0.991620 0.005603 0.002777
0.982013 0.004686 0.013301
0.989194 0.008109 0.002698
0.990071 0.006767 0.003162
0.976288 0.009487 0.014225
0.987600 0.005886 0.006514
0.988941 0.005476 0.005583
0.972158 0.011169 0.016673
0.965362 0.006893 0.027744
0.984759 0.009645 0.005595
0.976278 0.015329 0.008393
0.982502 0.012660 0.004838
0.968387 0.013955 0.017657
0.984211 0.005362 0.010427
0.970312 0.014981 0.014707
0.982478 0.007844 0.009677
0.991847 0.004805 0.003348
0.994423 0.001641 0.003936
0.986723 0.007126 0.006152
0.994729 0.000104 0.005166
0.984811 0.006707 0.008483
0.998050 0.001940 0.000010
0.987628 0.001516 0.010856
0.970947 0.016822 0.012231
0.979846 0.012159 0.007995
0.977206 0.017363 0.005430
0.975842 0.010769 0.013389
0.961143 0.020927 0.017929
0.989519 0.005282 0.005199
0.990484 0.008075 0.001441
0.982344 0.010393 0.007263
0.986634 0.005968 0.007398
0.986261 0.004895 0.008844
0.982073 0.001109 0.016818
0.987721 0.012269 0.000010
0.984685 0.004886 0.010430
0.977879 0.016252 0.005869
0.968738 0.017621 0.013641
0.961609 0.016470 0.021921
0.961649 0.018322 0.020029
0.966325 0.011653 0.022022
0.970651 0.007614 0.021735
0.966340 0.012651 0.021009
0.963612 0.010551 0.025836
0.965961 0.012467 0.021572
0.957276 0.033049 0.009675
0.972061 0.022783 0.005157
0.965103 0.029752 0.005145
0.949091 0.032800 0.018109
0.961252 0.029856 0.008892
0.959387 0.035816 0.004797
0.966420 0.023614 0.009966
0.962992 0.031296 0.005712
0.980963 0.011123 0.007913
0.969529 0.018284 0.012188
0.972740 0.016684 0.010576
0.968137 0.022741 0.009122
0.968941 0.020730 0.010329
0.983569 0.015185 0.001247
0.968419 0.023016 0.008565
0.976130 0.018555 0.005314
0.972925 0.014097 0.012978
0.964594 0.014493 0.020914
0.976409 0.016228 0.007364
0.977021 0.012774 0.010205
0.931361 0.068629 0.000010
0.949242 0.043703 0.007055
0.955907 0.037268 0.006825
0.955094 0.043145 0.001761
0.942878 0.057112 0.000010
0.948732 0.042269 0.008999
0.947494 0.052496 0.000010
0.953595 0.046237 0.000168
0.948698 0.051292 0.000010
0.948066 0.049127 0.002808
0.955490 0.039515 0.004995
0.947370 0.052620 0.000010
0.946511 0.040945 0.012544
0.960493 0.038792 0.000715
0.961267 0.038723 0.000010
0.951002 0.043209 0.005788
0.951366 0.040283 0.008351
0.956810 0.033164 0.010025
0.946714 0.042083 0.011203
0.950697 0.039189 0.010115
0.959015 0.039180 0.001805
0.968584 0.030727 0.000689
0.955252 0.026611 0.018137
0.963980 0.018625 0.017395
0.964558 0.035432 0.000010
0.969463 0.024140 0.006397
0.962036 0.026403 0.011562
0.971791 0.022315 0.005894
0.972328 0.015707 0.011964
0.977716 0.022274 0.000010
0.994944 0.005046 0.000010
0.996480 0.003510 0.000010
0.995207 0.004783 0.000010
0.999980 0.000010 0.000010
0.996792 0.003198 0.000010
0.999980 0.000010 0.000010
0.999980 0.000010 0.000010
0.994656 0.005334 0.000010
0.997293 0.002697 0.000010
0.994334 0.005656 0.000010
0.997388 0.002602 0.000010
0.998326 0.001664 0.000010
0.999980 0.000010 0.000010
0.996809 0.003181 0.000010
0.997215 0.002775 0.000010
0.997883 0.002107 0.000010
0.999980 0.000010 0.000010
0.999980 0.000010 0.000010
0.994101 0.005889 0.000010
0.996209 0.003781 0.000010
0.996983 0.003007 0.000010
0.996916 0.003074 0.000010
0.996986 0.003004 0.000010
0.994731 0.005259 0.000010
0.999980 0.000010 0.000010
0.996245 0.003745 0.000010
0.999980 0.000010 0.000010
0.749364 0.250626 0.000010
0.757236 0.242754 0.000010
0.755384 0.244606 0.000010
0.739200 0.260790 0.000010
0.762906 0.237084 0.000010
0.752424 0.247566 0.000010
0.807318 0.192672 0.000010
0.806725 0.192084 0.001192
0.798820 0.195512 0.005668
0.767294 0.224952 0.007754
0.772165 0.219513 0.008322
0.823139 0.176851 0.000010
0.773992 0.225998 0.000010
0.814498 0.181464 0.004038
0.769046 0.228609 0.002345
0.779954 0.220036 0.000010
0.818081 0.181909 0.000010
0.781991 0.217999 0.000010
0.771428 0.228562 0.000010
0.769581 0.221291 0.009128
0.777110 0.222880 0.000010
0.786557 0.213433 0.000010
0.791487 0.208503 0.000010
0.808867 0.191123 0.000010
0.768637 0.231353 0.000010
0.745266 0.254724 0.000010
0.791466 0.208524 0.000010
0.763189 0.236801 0.000010
0.773597 0.226393 0.000010
0.830533 0.169457 0.000010
0.796791 0.203199 0.000010
0.785243 0.214747 0.000010
0.781115 0.218875 0.000010
0.801524 0.198466 0.000010
0.720157 0.279833 0.000010
0.792632 0.207358 0.000010
0.758774 0.241216 0.000010
0.781417 0.218573 0.000010
0.790095 0.209895 0.000010
0.783679 0.216311 0.000010
0.792858 0.207132 0.000010
0.802075 0.197915 0.000010
0.907663 0.088345 0.003993
0.927945 0.072045 0.000010
0.934454 0.065536 0.000010
0.944138 0.055852 0.000010
0.939787 0.059108 0.001105
0.933709 0.066281 0.000010
0.918017 0.081973 0.000010
0.915649 0.084341 0.000010
0.927614 0.072376 0.000010
0.935603 0.064387 0.000010
0.930632 0.069358 0.000010
0.928579 0.071411 0.000010
0.941534 0.056661 0.001805
0.926075 0.067506 0.006419
0.942057 0.057933 0.000010
0.925642 0.066874 0.007483
0.921469 0.078521 0.000010
0.935996 0.063139 0.000865
0.941256 0.058734 0.000010
0.935912 0.063532 0.000556
0.912048 0.060320 0.027633
0.947726 0.035622 0.016652
0.944340 0.054497 0.001163
0.939555 0.060435 0.000010
0.928393 0.055078 0.016528
0.918760 0.072813 0.008427
0.935777 0.060422 0.003801
0.941466 0.056343 0.002191
0.933193 0.060822 0.005985
0.930568 0.059542 0.009890
0.939158 0.054763 0.006079
0.924294 0.068343 0.007363
0.938084 0.058543 0.003373
0.939555 0.060435 0.000010
0.928923 0.064092 0.006985
0.850203 0.144629 0.005169
0.862116 0.133606 0.004277
0.849561 0.150429 0.000010
0.807540 0.180612 0.011848
0.810204 0.183309 0.006487
0.810431 0.180492 0.009077
0.832725 0.163730 0.003546
0.847309 0.143903 0.008788
0.842946 0.151775 0.005278
0.863896 0.123003 0.013101
0.851886 0.142057 0.006057
0.847640 0.142604 0.009756
0.831462 0.168528 0.000010
0.849084 0.147185 0.003730
0.834145 0.165845 0.000010
0.842303 0.150123 0.007575
0.856997 0.142017 0.000987
0.833600 0.145885 0.020515
0.735611 0.213828 0.050561
0.644095 0.335069 0.020837
0.811413 0.157212 0.031376
0.889178 0.084528 0.026294
0.910611 0.081474 0.007915
0.850065 0.126241 0.023695
0.867978 0.117580 0.014442
0.824192 0.163561 0.012247
0.890037 0.086194 0.023769
0.893743 0.092678 0.013579
0.905149 0.072246 0.022605
0.914352 0.085638 0.000010
0.853660 0.135835 0.010505
0.899241 0.091208 0.009550
0.898629 0.079450 0.021921
0.894541 0.082473 0.022987
0.893916 0.086167 0.019916
0.888957 0.103208 0.007835
0.847333 0.148041 0.004626
0.854393 0.135060 0.010547
0.873156 0.110563 0.016281
0.876144 0.106321 0.017536
0.858113 0.138106 0.003781
0.912685 0.083554 0.003761
0.837138 0.152388 0.010474
0.908980 0.078657 0.012362
0.904127 0.074357 0.021516
0.881350 0.109390 0.009260
0.826199 0.173791 0.000010
0.895780 0.088163 0.016057
0.908317 0.062587 0.029096
0.919618 0.064886 0.015496
0.922682 0.062209 0.015108
0.921491 0.070634 0.007874
0.932309 0.058593 0.009098
0.879583 0.103820 0.016597
0.896856 0.082097 0.021046
0.913688 0.072013 0.014299
0.884375 0.107658 0.007967
0.884464 0.097408 0.018128
0.937803 0.052105 0.010091
0.917564 0.065379 0.017057
0.928486 0.064869 0.006645
0.925881 0.060274 0.013845
0.902169 0.080551 0.017280
0.923115 0.065955 0.010930
0.916812 0.064441 0.018747
0.930369 0.060947 0.008684
0.905214 0.080514 0.014272
0.918643 0.072209 0.009149
0.894584 0.087925 0.017490
0.909572 0.070894 0.019533
0.911355 0.076806 0.011839
0.922110 0.066363 0.011528
0.903007 0.084048 0.012945
0.932494 0.060875 0.006632
0.904483 0.080740 0.014777
0.926029 0.063787 0.010185
0.879910 0.109964 0.010127
0.935106 0.064884 0.000010
0.924320 0.061866 0.013813
0.913102 0.074127 0.012771
0.915793 0.068384 0.015823
0.927884 0.064843 0.007273
0.923199 0.069712 0.007089
0.880771 0.103555 0.015674
0.921420 0.064909 0.013670
0.904213 0.083801 0.011986
0.907945 0.064452 0.027603
0.888171 0.105097 0.006732
0.889688 0.031237 0.079075
0.935610 0.045232 0.019158
0.905595 0.034677 0.059728
0.977730 0.016052 0.006217
0.936686 0.038299 0.025015
0.946845 0.038463 0.014692
0.889763 0.095380 0.014857
0.914620 0.067076 0.018305
0.917150 0.054515 0.028335
0.925678 0.066715 0.007607
0.889395 0.100938 0.009668
0.905934 0.072920 0.021147
0.895272 0.075049 0.029680
0.880186 0.065986 0.053828
0.903461 0.072345 0.024194
0.898465 0.086754 0.014781
0.884912 0.074749 0.040339
0.990185 0.001950 0.007866
0.910266 0.057207 0.032527
0.899557 0.089376 0.011067
0.943246 0.038990 0.017764
0.857583 0.100822 0.041596
0.874963 0.085795 0.039242
0.884043 0.077409 0.038548
0.988982 0.000010 0.011008
0.988978 0.000010 0.011012
0.989548 0.000010 0.010442
0.992623 0.000010 0.007367
0.999980 0.000010 0.000010
0.996331 0.000010 0.003659
0.987420 0.000010 0.012570
0.999980 0.000010 0.000010
0.996612 0.000010 0.003378
0.987768 0.003332 0.008900
0.999231 0.000010 0.000759
0.999980 0.000010 0.000010
0.999980 0.000010 0.000010
0.999980 0.000010 0.000010
0.999980 0.000010 0.000010
0.999980 0.000010 0.000010
0.994785 0.000010 0.005205
0.999980 0.000010 0.000010
0.997411 0.000010 0.002579
0.984297 0.000010 0.015693
0.992758 0.000010 0.007232
0.998610 0.000010 0.001380
0.998619 0.000010 0.001371
0.999980 0.000010 0.000010
0.999980 0.000010 0.000010
0.997681 0.000422 0.001897
0.999980 0.000010 0.000010
0.999980 0.000010 0.000010
0.999980 0.000010 0.000010
0.999645 0.000010 0.000345
0.999980 0.000010 0.000010
0.999980 0.000010 0.000010
0.995415 0.000010 0.004575
0.999980 0.000010 0.000010
0.999906 0.000010 0.000084
0.999980 0.000010 0.000010
0.993352 0.000010 0.006638
0.999980 0.000010 0.000010
0.999980 0.000010 0.000010
0.994572 0.000010 0.005418
0.999980 0.000010 0.000010
0.975389 0.000010 0.024601
0.969733 0.000010 0.030257
0.965045 0.000010 0.034945
0.959242 0.000010 0.040748
0.962414 0.000010 0.037576
0.969204 0.000010 0.030786
0.947389 0.000010 0.052601
0.973989 0.000010 0.026001
0.958774 0.000010 0.041216
0.964058 0.000010 0.035932
0.969598 0.000010 0.030392
0.961254 0.000010 0.038736
0.958785 0.000010 0.041205
0.966243 0.000010 0.033747
0.973955 0.000010 0.026035
0.969056 0.000010 0.030934
0.947537 0.000010 0.052453
0.962905 0.000010 0.037085
0.966575 0.000010 0.033415
0.968311 0.000010 0.031679
0.980102 0.000010 0.019888
0.983212 0.000010 0.016778
0.975444 0.000010 0.024546
0.975134 0.000010 0.024856
0.981048 0.000010 0.018942
0.963481 0.000010 0.036509
0.976724 0.000010 0.023266
0.974471 0.000010 0.025519
0.981238 0.000010 0.018752
0.980499 0.000010 0.019491
0.993464 0.000010 0.006526
0.986232 0.000010 0.013758
0.977806 0.000010 0.022184
0.978009 0.000010 0.021981
0.985176 0.000010 0.014814
0.989128 0.000010 0.010862
0.982074 0.000010 0.017916
0.987305 0.000010 0.012685
0.981898 0.000010 0.018092
0.994917 0.000010 0.005073
0.983132 0.000010 0.016858
0.988042 0.000010 0.011948
0.977418 0.000010 0.022572
0.980416 0.000010 0.019574
0.978950 0.000010 0.021040
0.977433 0.000010 0.022557
0.981130 0.004146 0.014724
0.994611 0.000010 0.005379
0.977299 0.000010 0.022691
0.974654 0.006069 0.019276
0.982303 0.000010 0.017687
0.972450 0.008422 0.019128
0.992110 0.000010 0.007880
0.994279 0.000010 0.005711
0.978838 0.005021 0.016141
0.870243 0.000010 0.129747
0.913189 0.000010 0.086801
0.904114 0.000010 0.095876
0.884019 0.000010 0.115971
0.872879 0.000010 0.127111
0.880986 0.000010 0.119004
0.867591 0.000010 0.132399
0.871877 0.000010 0.128113
0.886070 0.000010 0.113920
0.879860 0.000010 0.120130
0.873224 0.000010 0.126766
0.884738 0.000010 0.115252
0.896035 0.000010 0.103955
0.894223 0.000010 0.105767
0.881567 0.000010 0.118423
0.877059 0.000010 0.122931
0.898603 0.000010 0.101387
0.883471 0.000010 0.116519
0.890470 0.000010 0.109520
0.862963 0.000010 0.137027
0.868183 0.000010 0.131807
0.910314 0.000010 0.089676
0.888659 0.000010 0.111331
0.896777 0.000010 0.103213
0.889692 0.000010 0.110298
0.878516 0.000010 0.121474
0.869683 0.000010 0.130307
0.882710 0.000010 0.117280
0.864398 0.000010 0.135592
0.864200 0.000010 0.135790
0.854321 0.000010 0.145669
0.862468 0.000010 0.137522
0.881031 0.000010 0.118959
0.857582 0.000010 0.142408
0.883089 0.000010 0.116901
0.909120 0.000010 0.090870
0.877594 0.000010 0.122396
0.883862 0.000010 0.116128
0.886220 0.000010 0.113770
0.941654 0.000010 0.058336
0.946230 0.000010 0.053760
0.905144 0.000010 0.094846
0.945537 0.000010 0.054453
0.945033 0.000010 0.054957
0.931854 0.000010 0.068136
0.954192 0.000010 0.045798
0.944405 0.000010 0.055585
0.939055 0.000010 0.060935
0.940590 0.000010 0.059400
0.970946 0.000010 0.029044
0.959967 0.000010 0.040023
0.954535 0.000010 0.045455
0.963859 0.000010 0.036131
0.962965 0.000010 0.037025
0.958073 0.000010 0.041917
0.961822 0.000010 0.038168
0.957834 0.000010 0.042156
0.970462 0.000010 0.029528
0.970871 0.000010 0.029119
0.980712 0.000010 0.019278
0.955976 0.000010 0.044014
0.976865 0.000010 0.023125
0.971653 0.000010 0.028337
0.976220 0.000010 0.023770
0.974837 0.000010 0.025153
0.967034 0.000010 0.032956
0.970010 0.000010 0.029980
0.977463 0.000010 0.022527
0.969041 0.000010 0.030949
0.999980 0.000010 0.000010
0.979523 0.000010 0.020467
0.990724 0.000010 0.009266
0.979476 0.000010 0.020514
0.985675 0.000010 0.014315
0.982130 0.000010 0.017860
0.988806 0.000010 0.011184
0.972964 0.000010 0.027026
0.985520 0.000010 0.014470
0.981649 0.000010 0.018341
0.979632 0.000010 0.020358
0.973011 0.000010 0.026979
0.965520 0.000010 0.034470
0.975178 0.000010 0.024812
0.980641 0.000010 0.019349
0.976955 0.000010 0.023035
0.966557 0.000010 0.033433
0.978558 0.000010 0.021432
0.974543 0.000010 0.025447
0.986188 0.000010 0.013802
0.970807 0.000010 0.029183
0.966184 0.000010 0.033806
0.973744 0.000010 0.026246
0.966280 0.000010 0.033710
0.969366 0.000010 0.030624
0.973361 0.000010 0.026629
0.964894 0.000010 0.035096
0.972988 0.000010 0.027002
0.974656 0.000010 0.025334
0.965285 0.000010 0.034705
0.983738 0.000010 0.016252
0.955554 0.000010 0.044436
0.974682 0.000010 0.025308
0.968795 0.000010 0.031195
0.965910 0.000010 0.034080
0.978158 0.000010 0.021832
0.985203 0.000010 0.014787
0.972165 0.000010 0.027825
0.972810 0.000010 0.027180
0.976297 0.000010 0.023693
0.978367 0.000010 0.021623
0.983957 0.000010 0.016033
0.994079 0.000010 0.005911
0.982287 0.000010 0.017703
0.970876 0.000010 0.029114
0.987488 0.000010 0.012502
0.981683 0.000010 0.018307
0.971342 0.000010 0.028648
0.979791 0.000010 0.020199
0.970717 0.000010 0.029273
0.956795 0.000010 0.043195
0.958472 0.000010 0.041518
0.941412 0.000010 0.058578
0.944620 0.000010 0.055370
0.952418 0.000010 0.047572
0.953859 0.000010 0.046131
0.942657 0.000010 0.057333
0.954113 0.000010 0.045877
0.955842 0.000010 0.044148
0.965665 0.000010 0.034325
0.952393 0.000010 0.047597
0.957185 0.013012 0.029803
0.964193 0.000010 0.035797
0.947209 0.000010 0.052781
0.960708 0.000010 0.039282
0.944465 0.000010 0.055525
0.948247 0.000010 0.051743
0.949126 0.000010 0.050864
0.960159 0.000010 0.039831
0.731381 0.000010 0.268609
0.699820 0.000010 0.300170
0.703337 0.000010 0.296653
0.721009 0.000010 0.278981
0.708450 0.000010 0.291540
0.741797 0.000010 0.258193
0.708804 0.000010 0.291186
0.711929 0.000010 0.288061
0.752282 0.000010 0.247708
0.727311 0.000010 0.272679
0.724501 0.000010 0.275489
0.000010 0.000010 0.999980
0.000010 0.000010 0.999980
0.000010 0.000010 0.999980
0.000010 0.000010 0.999980
0.000010 0.000010 0.999980
0.000010 0.000010 0.999980
0.000010 0.000010 0.999980
0.000010 0.000010 0.999980
0.016678 0.000010 0.983312
0.000010 0.000010 0.999980
0.000010 0.000010 0.999980
0.000010 0.000010 0.999980
0.000010 0.000010 0.999980
0.000010 0.000010 0.999980
0.000010 0.000010 0.999980
0.000010 0.000010 0.999980
0.000010 0.000010 0.999980
0.000010 0.000010 0.999980
0.003823 0.000010 0.996167
0.000010 0.000010 0.999980
0.000010 0.000010 0.999980
0.000010 0.000010 0.999980
0.000010 0.000010 0.999980
0.000010 0.000010 0.999980
0.007646 0.000010 0.992344
0.000010 0.000010 0.999980
0.000010 0.000010 0.999980
0.000010 0.000010 0.999980
0.000010 0.000010 0.999980
0.000010 0.000010 0.999980
0.000010 0.000010 0.999980
0.000010 0.000010 0.999980
0.000010 0.000010 0.999980
0.000010 0.000010 0.999980
0.000010 0.000010 0.999980
0.000010 0.000010 0.999980
0.000010 0.000010 0.999980
0.010090 0.000010 0.989900
0.000010 0.000010 0.999980
0.000010 0.000010 0.999980
0.000010 0.000010 0.999980
0.000010 0.000010 0.999980
0.004408 0.000010 0.995582
0.000010 0.000010 0.999980
0.000010 0.000010 0.999980
0.000010 0.000010 0.999980
0.000010 0.000010 0.999980
0.000010 0.000010 0.999980
0.000010 0.000010 0.999980
0.000010 0.000010 0.999980
0.000010 0.000010 0.999980
0.000010 0.000010 0.999980
0.000010 0.000010 0.999980
0.000010 0.000010 0.999980
0.000010 0.000010 0.999980
0.004758 0.000010 0.995232
0.000010 0.000010 0.999980
0.000010 0.000010 0.999980
0.000897 0.000010 0.999093
0.000010 0.000010 0.999980
0.246648 0.087741 0.665611
0.250899 0.078974 0.670127
0.251599 0.080948 0.667453
0.261748 0.080594 0.657659
0.263203 0.080599 0.656198
0.251221 0.077752 0.671027
0.252375 0.078546 0.669079
0.251044 0.084115 0.664842
0.254428 0.078129 0.667443
0.248599 0.083276 0.668125
0.260683 0.076171 0.663146
0.257167 0.080189 0.662645
0.264104 0.079198 0.656698
0.255707 0.082065 0.662228
0.257331 0.097210 0.645459
0.271496 0.079711 0.648793
0.272184 0.080927 0.646889
0.208311 0.064927 0.726762
0.211539 0.065763 0.722697
0.209060 0.066519 0.724421
0.214422 0.058590 0.726988
0.201486 0.064119 0.734395
0.215111 0.066759 0.718130
0.216022 0.061511 0.722467
0.217785 0.062376 0.719839
0.222988 0.060234 0.716778
0.213909 0.068110 0.717981
0.689943 0.000847 0.309210
0.701835 0.000914 0.297251
0.698557 0.003298 0.298145
0.699631 0.002481 0.297889
0.713562 0.002117 0.284321
0.674576 0.002357 0.323066
0.671642 0.003741 0.324617
0.676557 0.003467 0.319977
0.651355 0.003224 0.345421
0.663771 0.005566 0.330662
0.641718 0.005452 0.352830
0.641131 0.005688 0.353182
0.646847 0.002536 0.350617
0.646463 0.006918 0.346619
0.653483 0.004483 0.342034
0.616309 0.010789 0.372902
0.701964 0.003771 0.294265
0.622834 0.006969 0.370197
0.622139 0.004947 0.372914
0.608174 0.008173 0.383653
0.613199 0.005855 0.380946
0.673105 0.006663 0.320231
0.645386 0.006686 0.347929
0.555859 0.007696 0.436445
0.555485 0.006795 0.437720
0.565283 0.006998 0.427718
0.556731 0.010481 0.432789
0.562811 0.005580 0.431610
0.540287 0.009915 0.449798
0.549954 0.012320 0.437726
0.420224 0.000010 0.579766
0.406795 0.000010 0.593195
0.453959 0.000010 0.546031
0.434375 0.000010 0.565615
0.473454 0.000300 0.526246
0.411042 0.000010 0.588948
0.425434 0.003749 0.570818
0.458240 0.000010 0.541750
0.456576 0.000010 0.543414
0.424395 0.000010 0.575595
0.428139 0.000010 0.571851
0.453306 0.000010 0.546684
0.423290 0.000010 0.576700
0.420160 0.008104 0.571736
0.478896 0.000010 0.521094
0.517155 0.000010 0.482835
0.439782 0.000010 0.560208
0.472197 0.000010 0.527793
0.442271 0.000010 0.557719
0.335861 0.000010 0.664129
0.499519 0.000010 0.500471
0.387950 0.000010 0.612040
0.395251 0.000010 0.604739
0.429388 0.000010 0.570602
0.558309 0.003066 0.438625
0.616241 0.000010 0.383749
0.739702 0.001892 0.258406
0.684179 0.000010 0.315811
0.522464 0.000689 0.476846
0.685698 0.000010 0.314292
0.675811 0.001993 0.322196
0.539131 0.000010 0.460859
0.478095 0.014352 0.507554
0.535131 0.003584 0.461286
0.430568 0.000010 0.569422
0.530134 0.008497 0.461369
0.659828 0.000010 0.340162
0.668400 0.016212 0.315389
0.479205 0.000010 0.520785
0.634538 0.000010 0.365452
0.540376 0.000010 0.459614
0.461775 0.000010 0.538215
0.399971 0.000010 0.600019
0.421049 0.000010 0.578941
0.514423 0.000010 0.485567
0.396924 0.000010 0.603066
0.426056 0.000010 0.573934
0.394606 0.000010 0.605384
0.461643 0.000010 0.538347
0.409472 0.000010 0.590518
0.154468 0.000010 0.845522
0.024666 0.000010 0.975324
0.028455 0.000010 0.971535
0.642121 0.000010 0.357869
0.315382 0.000010 0.684608
0.151268 0.000010 0.848722
0.094052 0.000010 0.905938
0.476978 0.000010 0.523012
0.446743 0.000010 0.553247
0.279064 0.000010 0.720926
0.173697 0.000010 0.826293
0.113762 0.000010 0.886228
0.392325 0.000010 0.607665
0.262312 0.000010 0.737678
0.586478 0.000010 0.413512
0.287430 0.000010 0.712560
0.321702 0.000010 0.678288
0.363225 0.000010 0.636765
0.206622 0.000010 0.793368
0.715640 0.000010 0.284350
0.368538 0.000010 0.631452
0.646006 0.000010 0.353984
0.696582 0.000010 0.303408
0.468705 0.000010 0.531285
0.345605 0.000010 0.654385
0.884426 0.000010 0.115564
0.303470 0.000010 0.696520
0.443168 0.000010 0.556822
0.499844 0.000010 0.500146
