0.988132 0.000010 0.000010 0.011848
0.999970 0.000010 0.000010 0.000010
0.985586 0.000010 0.000010 0.014394
0.999970 0.000010 0.000010 0.000010
0.998351 0.000015 0.000010 0.001624
0.999970 0.000010 0.000010 0.000010
0.999970 0.000010 0.000010 0.000010
0.999970 0.000010 0.000010 0.000010
0.933509 0.000010 0.000010 0.066471
0.999970 0.000010 0.000010 0.000010
0.999347 0.000010 0.000010 0.000633
0.999970 0.000010 0.000010 0.000010
0.999970 0.000010 0.000010 0.000010
0.999970 0.000010 0.000010 0.000010
0.965071 0.000010 0.000010 0.034909
0.991506 0.000010 0.000010 0.008474
0.999970 0.000010 0.000010 0.000010
0.956906 0.000010 0.000010 0.043074
0.999970 0.000010 0.000010 0.000010
0.947192 0.000010 0.000010 0.052788
0.914914 0.000010 0.000010 0.085066
0.959127 0.000010 0.000010 0.040853
0.956637 0.000010 0.000010 0.043343
0.963697 0.000010 0.000010 0.036283
0.966482 0.000010 0.000010 0.033498
0.966932 0.000010 0.000010 0.033048
0.997451 0.000010 0.000010 0.002529
0.999970 0.000010 0.000010 0.000010
0.999970 0.000010 0.000010 0.000010
0.988574 0.000010 0.000010 0.011406
0.999970 0.000010 0.000010 0.000010
0.993765 0.000010 0.000010 0.006215
0.978246 0.000010 0.000010 0.021734
0.999970 0.000010 0.000010 0.000010
0.999970 0.000010 0.000010 0.000010
0.990423 0.000010 0.000010 0.009557
0.996024 0.000010 0.000010 0.003956
0.981436 0.000010 0.000010 0.018544
0.730402 0.269578 0.000010 0.000010
0.754453 0.236729 0.000010 0.008809
0.824022 0.121069 0.000010 0.054899
0.789427 0.081982 0.000010 0.128581
0.887446 0.080177 0.000010 0.032368
0.824208 0.072934 0.000010 0.102848
0.886697 0.047750 0.065542 0.000010
0.873155 0.126825 0.000010 0.000010
0.860948 0.139032 0.000010 0.000010
0.876320 0.123660 0.000010 0.000010
0.853917 0.146063 0.000010 0.000010
0.855747 0.144233 0.000010 0.000010
0.880720 0.119260 0.000010 0.000010
0.873108 0.126872 0.000010 0.000010
0.911336 0.062133 0.000010 0.026521
0.929113 0.061035 0.009843 0.000010
0.940966 0.059014 0.000010 0.000010
0.943788 0.056192 0.000010 0.000010
0.918857 0.052198 0.000010 0.028936
0.951313 0.048667 0.000010 0.000010
0.939421 0.044428 0.000010 0.016141
0.943052 0.055829 0.001109 0.000010
0.950266 0.049714 0.000010 0.000010
0.941910 0.058070 0.000010 0.000010
0.944155 0.054760 0.000010 0.001075
0.974882 0.014976 0.009439 0.000702
0.949677 0.012459 0.000010 0.037854
0.981568 0.018412 0.000010 0.000010
0.932571 0.046749 0.004923 0.015757
0.964042 0.035251 0.000010 0.000697
0.951269 0.048711 0.000010 0.000010
0.946164 0.053816 0.000010 0.000010
0.957310 0.030827 0.009593 0.002269
0.940394 0.059586 0.000010 0.000010
0.968309 0.031671 0.000010 0.000010
0.953839 0.046141 0.000010 0.000010
0.848908 0.070965 0.047524 0.032603
0.869408 0.130572 0.000010 0.000010
0.876301 0.123679 0.000010 0.000010
0.874705 0.125275 0.000010 0.000010
0.873047 0.126933 0.000010 0.000010
0.870026 0.121718 0.008246 0.000010
0.870841 0.112617 0.000010 0.016533
0.838920 0.145339 0.000010 0.015731
0.891306 0.108674 0.000010 0.000010
0.882848 0.107621 0.000010 0.009521
0.904502 0.078311 0.001263 0.015924
0.927368 0.072612 0.000010 0.000010
0.929958 0.070022 0.000010 0.000010
0.866114 0.097437 0.000010 0.036439
0.894696 0.097997 0.000010 0.007297
0.454255 0.038498 0.406909 0.100338
0.595355 0.331395 0.049911 0.023339
0.708118 0.076199 0.168174 0.047508
0.000011 0.999969 0.000010 0.000010
0.000010 0.999970 0.000010 0.000010
0.000010 0.999970 0.000010 0.000010
0.000010 0.999970 0.000010 0.000010
0.000010 0.999970 0.000010 0.000010
0.000010 0.999970 0.000010 0.000010
0.000010 0.999970 0.000010 0.000010
0.000010 0.999970 0.000010 0.000010
0.000010 0.999970 0.000010 0.000010
0.000010 0.999970 0.000010 0.000010
0.000010 0.999970 0.000010 0.000010
0.000010 0.999970 0.000010 0.000010
0.000010 0.999970 0.000010 0.000010
0.000010 0.999970 0.000010 0.000010
0.000010 0.999970 0.000010 0.000010
0.000010 0.999970 0.000010 0.000010
0.000010 0.999970 0.000010 0.000010
0.000010 0.999970 0.000010 0.000010
0.000010 0.999970 0.000010 0.000010
0.000010 0.999970 0.000010 0.000010
0.016239 0.971491 0.012259 0.000010
0.000010 0.999970 0.000010 0.000010
0.000010 0.999970 0.000010 0.000010
0.000010 0.999970 0.000010 0.000010
0.000010 0.996643 0.003337 0.000010
0.041972 0.958008 0.000010 0.000010
0.015362 0.948921 0.035707 0.000010
0.000010 0.999970 0.000010 0.000010
0.049434 0.936999 0.013557 0.000010
0.000010 0.999970 0.000010 0.000010
0.000010 0.999970 0.000010 0.000010
0.057947 0.941694 0.000350 0.000010
0.010347 0.960952 0.028691 0.000010
0.034852 0.952296 0.012841 0.000010
0.080708 0.902266 0.011568 0.005459
0.002615 0.964995 0.032381 0.000010
0.047349 0.936963 0.015678 0.000010
0.000010 0.983193 0.016787 0.000010
0.057817 0.932163 0.010010 0.000010
0.047758 0.925086 0.016223 0.010934
0.145612 0.810022 0.013211 0.031156
0.094847 0.884894 0.020249 0.000010
0.045919 0.883147 0.020051 0.050883
0.041560 0.935748 0.022682 0.000010
0.035822 0.945678 0.015149 0.003350
0.116653 0.839809 0.014232 0.029306
0.165663 0.806817 0.016239 0.011280
0.058167 0.929577 0.012247 0.000010
0.060122 0.925035 0.014833 0.000010
0.029551 0.959592 0.010847 0.000010
0.064589 0.890780 0.010610 0.034021
0.116625 0.869703 0.013142 0.000529
0.092779 0.887311 0.011599 0.008312
0.000010 0.999965 0.000015 0.000010
0.051365 0.941913 0.006712 0.000010
0.148677 0.827016 0.014347 0.009960
0.000010 0.999970 0.000010 0.000010
0.134132 0.861615 0.004242 0.000010
0.106374 0.891492 0.002124 0.000010
0.001364 0.981117 0.017509 0.000010
0.067353 0.923545 0.009092 0.000010
0.121535 0.862738 0.015717 0.000010
0.157040 0.830650 0.005796 0.006514
0.117171 0.859562 0.023257 0.000010
0.000010 0.999970 0.000010 0.000010
0.000010 0.999970 0.000010 0.000010
0.000010 0.999970 0.000010 0.000010
0.000010 0.999970 0.000010 0.000010
0.000010 0.999970 0.000010 0.000010
0.000010 0.997217 0.002763 0.000010
0.000010 0.999970 0.000010 0.000010
0.000010 0.999970 0.000010 0.000010
0.000010 0.999970 0.000010 0.000010
0.000010 0.999970 0.000010 0.000010
0.000010 0.999970 0.000010 0.000010
0.000010 0.999970 0.000010 0.000010
0.000010 0.999970 0.000010 0.000010
0.000010 0.999970 0.000010 0.000010
0.014208 0.957842 0.027940 0.000010
0.016188 0.956169 0.027633 0.000010
0.023401 0.957966 0.012898 0.005736
0.010406 0.971526 0.018059 0.000010
0.092235 0.893658 0.014096 0.000010
0.019888 0.956387 0.023716 0.000010
0.024331 0.948818 0.023359 0.003492
0.021616 0.968561 0.002070 0.007753
0.051743 0.921660 0.018017 0.008580
0.049373 0.919577 0.019092 0.011958
0.028667 0.948020 0.023302 0.000010
0.042950 0.930137 0.026902 0.000010
0.026330 0.950770 0.022889 0.000010
0.029632 0.945371 0.024987 0.000010
0.024353 0.952807 0.022831 0.000010
0.024640 0.941764 0.033585 0.000010
0.046770 0.937155 0.016065 0.000010
0.051769 0.943629 0.004592 0.000010
0.046472 0.925176 0.028343 0.000010
0.050620 0.929382 0.019988 0.000010
0.000010 0.000010 0.000010 0.999970
0.000010 0.000010 0.000010 0.999970
0.000010 0.000010 0.000010 0.999970
0.000010 0.000010 0.000010 0.999970
0.000010 0.000010 0.000010 0.999970
0.058348 0.006247 0.000463 0.934942
0.033192 0.000010 0.000010 0.966788
0.000010 0.000010 0.000010 0.999970
0.126023 0.008502 0.015066 0.850409
0.056663 0.000010 0.021942 0.921385
0.016736 0.000010 0.000010 0.983244
0.212217 0.013492 0.005365 0.768926
0.238774 0.017468 0.018603 0.725155
0.000010 0.000010 0.000010 0.999970
0.000010 0.000010 0.000010 0.999970
0.000010 0.000010 0.000010 0.999970
0.550110 0.000010 0.016693 0.433186
0.541313 0.000010 0.020679 0.437998
0.542480 0.000010 0.021592 0.435918
0.540436 0.000010 0.024507 0.435047
0.545894 0.000010 0.030770 0.423326
0.527208 0.000010 0.032008 0.440775
0.554060 0.000010 0.017948 0.427982
0.411369 0.000010 0.025203 0.563418
0.431416 0.000010 0.030574 0.538000
0.414485 0.000010 0.026493 0.559012
0.447199 0.000010 0.023903 0.528888
0.460490 0.000010 0.024667 0.514833
0.433273 0.000010 0.024789 0.541929
0.419076 0.000010 0.021578 0.559336
0.427505 0.000010 0.028478 0.544007
0.411078 0.000010 0.026875 0.562037
0.447456 0.000010 0.027596 0.524938
0.436504 0.000010 0.034269 0.529217
0.424994 0.000010 0.021184 0.553812
0.419104 0.000010 0.019627 0.561259
0.319174 0.000010 0.029942 0.650874
0.318827 0.000010 0.024537 0.656626
0.323995 0.000010 0.032288 0.643706
0.238854 0.000010 0.020549 0.740587
0.241964 0.000010 0.019889 0.738137
0.245395 0.000010 0.018353 0.736242
0.248139 0.000010 0.020511 0.731340
0.292009 0.000010 0.038331 0.669650
0.289519 0.000010 0.026042 0.684429
0.255761 0.000010 0.023923 0.720307
0.262980 0.000010 0.029073 0.707937
0.251828 0.000010 0.028297 0.719865
0.274658 0.000010 0.031752 0.693580
0.273751 0.000010 0.037323 0.688916
0.244990 0.000010 0.025483 0.729517
0.171671 0.000010 0.012590 0.815729
0.165409 0.000010 0.013965 0.820616
0.195624 0.001686 0.015605 0.787084
0.202553 0.000010 0.015000 0.782437
0.000010 0.000245 0.000010 0.999735
0.000010 0.000010 0.000010 0.999970
0.012072 0.000010 0.007944 0.979974
0.000010 0.000010 0.000010 0.999970
0.005015 0.005003 0.007388 0.982594
0.001576 0.000010 0.007068 0.991346
0.005052 0.000010 0.002486 0.992452
0.012250 0.000010 0.001387 0.986353
0.026324 0.000010 0.002258 0.971408
0.064299 0.000010 0.000010 0.935681
0.020723 0.000010 0.000338 0.978929
0.037789 0.000010 0.005757 0.956444
0.020230 0.001717 0.004146 0.973908
0.019960 0.000010 0.000010 0.980020
0.015038 0.000010 0.010903 0.974049
0.034547 0.000540 0.002023 0.962890
0.029706 0.005517 0.000010 0.964767
0.025610 0.000010 0.001652 0.972729
0.022927 0.000010 0.010900 0.966163
0.028250 0.002323 0.000010 0.969417
0.033176 0.001657 0.000010 0.965157
0.026901 0.000010 0.001603 0.971486
0.031029 0.000010 0.000010 0.968951
0.041066 0.006648 0.000457 0.951829
0.032872 0.008182 0.005003 0.953942
0.025080 0.000010 0.006855 0.968055
0.028186 0.005107 0.003606 0.963101
0.021084 0.000010 0.005521 0.973385
0.039103 0.002293 0.000010 0.958594
0.017050 0.002513 0.005490 0.974947
0.033796 0.001012 0.000010 0.965182
0.003575 0.004003 0.001793 0.990629
0.008534 0.005358 0.000940 0.985168
0.000010 0.001651 0.000010 0.998329
0.004445 0.006208 0.000010 0.989337
0.004729 0.000010 0.003455 0.991807
0.010382 0.006472 0.000010 0.983136
0.004674 0.001222 0.002897 0.991207
0.004833 0.000010 0.004913 0.990244
0.002315 0.001414 0.000010 0.996260
0.001661 0.002064 0.000010 0.996264
0.000010 0.000010 0.000386 0.999594
0.007515 0.002082 0.000010 0.990393
0.000010 0.000010 0.004892 0.995088
0.000010 0.000010 0.006639 0.993341
0.000010 0.000010 0.000010 0.999970
0.000381 0.001912 0.000010 0.997697
0.000277 0.000010 0.000594 0.999119
0.003493 0.000010 0.003589 0.992907
0.008904 0.000010 0.000010 0.991076
0.000010 0.000010 0.000010 0.999970
0.000010 0.006593 0.000010 0.993387
0.000010 0.000010 0.000010 0.999970
0.005390 0.004386 0.000368 0.989856
0.004884 0.007490 0.003232 0.984395
0.000010 0.000010 0.002118 0.997862
0.000010 0.000010 0.003143 0.996837
0.007714 0.000010 0.001836 0.990439
0.000010 0.000010 0.003065 0.996915
0.000010 0.000010 0.003074 0.996906
0.003014 0.005479 0.000010 0.991498
0.000010 0.007120 0.000010 0.992860
0.000010 0.001470 0.006589 0.991931
0.000010 0.000010 0.004480 0.995500
0.000010 0.004356 0.000010 0.995624
0.000010 0.000010 0.005600 0.994380
0.005824 0.003660 0.001558 0.988957
0.001421 0.001696 0.001904 0.994979
0.002689 0.000010 0.000654 0.996647
0.000010 0.000010 0.002737 0.997243
0.000010 0.000010 0.000010 0.999970
0.000010 0.002739 0.001562 0.995689
0.002365 0.000010 0.000010 0.997615
0.000010 0.000010 0.000010 0.999970
0.006337 0.002216 0.000010 0.991437
0.003275 0.000062 0.000010 0.996653
0.003234 0.000360 0.000010 0.996396
0.002215 0.000010 0.000010 0.997765
0.004573 0.011020 0.000010 0.984396
0.003926 0.004364 0.000010 0.991700
0.000706 0.000010 0.003325 0.995959
0.004520 0.003398 0.003060 0.989021
0.003406 0.000010 0.002843 0.993742
0.000010 0.000010 0.009163 0.990817
0.000010 0.000010 0.000010 0.999970
0.000010 0.000010 0.000010 0.999970
0.006619 0.000010 0.005838 0.987533
0.000122 0.011025 0.000010 0.988843
0.000010 0.003730 0.000010 0.996250
0.000010 0.000010 0.006160 0.993820
0.000010 0.001129 0.005099 0.993762
0.000994 0.001990 0.002292 0.994724
0.000010 0.002880 0.000010 0.997100
0.000010 0.000010 0.005014 0.994966
0.007389 0.000010 0.005225 0.987376
0.006809 0.000418 0.002942 0.989832
0.000010 0.004606 0.000010 0.995374
0.002599 0.000010 0.000010 0.997381
0.000862 0.001919 0.000010 0.997208
0.005176 0.000010 0.004286 0.990528
0.004811 0.000010 0.000010 0.995169
0.000091 0.001550 0.000010 0.998348
0.001538 0.002918 0.003408 0.992135
0.005976 0.000010 0.000010 0.994004
0.003862 0.002910 0.000010 0.993218
0.003503 0.000010 0.002993 0.993495
0.000010 0.005255 0.000010 0.994725
0.000010 0.003004 0.000010 0.996976
0.000010 0.004713 0.000092 0.995185
0.003523 0.000010 0.000010 0.996457
0.000010 0.002553 0.001150 0.996286
0.000010 0.003313 0.000010 0.996667
0.000010 0.000010 0.006710 0.993270
0.000010 0.000010 0.000010 0.999970
0.005435 0.000010 0.000010 0.994545
0.000010 0.000295 0.007189 0.992506
0.000010 0.000010 0.000010 0.999970
0.181716 0.006970 0.000010 0.811304
0.125655 0.011721 0.000010 0.862614
0.100358 0.011473 0.000010 0.888159
0.180431 0.019195 0.003513 0.796860
0.102847 0.043668 0.000010 0.853475
0.119068 0.015217 0.000010 0.865706
0.110395 0.010982 0.004436 0.874187
0.143813 0.016244 0.005093 0.834850
0.175188 0.017209 0.001537 0.806066
0.539340 0.028931 0.020950 0.410779
0.095250 0.010244 0.016185 0.878322
0.107996 0.010065 0.000010 0.881930
0.019943 0.006006 0.011636 0.962415
0.047733 0.011269 0.000905 0.940094
0.036236 0.002479 0.010378 0.950907
0.043915 0.000010 0.010075 0.945999
0.044949 0.003066 0.009062 0.942923
0.034016 0.000010 0.010096 0.955878
0.075400 0.000010 0.013600 0.910990
0.045538 0.002031 0.008191 0.944240
0.054882 0.003911 0.003046 0.938160
0.024245 0.008436 0.010818 0.956502
0.042747 0.002686 0.005661 0.948906
0.032200 0.006779 0.007911 0.953110
0.048012 0.000010 0.007153 0.944824
0.051247 0.000323 0.005673 0.942757
0.035419 0.000010 0.018908 0.945663
0.045171 0.006158 0.005506 0.943165
0.035570 0.003617 0.004957 0.955856
0.041010 0.002182 0.006865 0.949943
0.050519 0.001042 0.008150 0.940289
0.041104 0.002868 0.009185 0.946843
0.039135 0.003071 0.010532 0.947262
0.036036 0.000010 0.007436 0.956518
0.000010 0.000010 0.000010 0.999970
0.000010 0.000010 0.000010 0.999970
0.000010 0.000010 0.000010 0.999970
0.000010 0.000010 0.000010 0.999970
0.000010 0.000010 0.000010 0.999970
0.000010 0.000010 0.000010 0.999970
0.000010 0.000010 0.000010 0.999970
0.000010 0.000010 0.000010 0.999970
0.000010 0.000010 0.000010 0.999970
0.000010 0.000010 0.000010 0.999970
0.000010 0.000010 0.000010 0.999970
0.000010 0.000010 0.000010 0.999970
0.000010 0.000010 0.000010 0.999970
0.000010 0.000010 0.000010 0.999970
0.000010 0.000010 0.000010 0.999970
0.000010 0.000010 0.000010 0.999970
0.000010 0.000010 0.000010 0.999970
0.000010 0.000010 0.000010 0.999970
0.000010 0.000010 0.000010 0.999970
0.000010 0.000010 0.000010 0.999970
0.000010 0.000010 0.000010 0.999970
0.000010 0.000010 0.000010 0.999970
0.000010 0.000010 0.000010 0.999970
0.000010 0.000010 0.000010 0.999970
0.000010 0.000010 0.000010 0.999970
0.000010 0.000010 0.000010 0.999970
0.000010 0.000010 0.000010 0.999970
0.000010 0.000010 0.000010 0.999970
0.000010 0.000010 0.000010 0.999970
0.000010 0.000010 0.000010 0.999970
0.116258 0.005684 0.038054 0.840004
0.139940 0.009259 0.030309 0.820491
0.130597 0.015046 0.031587 0.822770
0.136662 0.000010 0.039441 0.823887
0.113829 0.001862 0.041094 0.843216
0.965711 0.000010 0.034269 0.000010
0.969866 0.001181 0.028943 0.000010
0.969903 0.007482 0.022604 0.000010
0.968346 0.002534 0.026349 0.002770
0.964619 0.009615 0.025756 0.000010
0.955179 0.003267 0.036457 0.005096
0.956000 0.011250 0.029611 0.003140
0.960017 0.001669 0.038304 0.000010
0.972573 0.000375 0.027042 0.000010
0.971055 0.009869 0.019067 0.000010
0.930527 0.004540 0.064084 0.000849
0.952124 0.007735 0.034257 0.005884
0.959802 0.010644 0.027412 0.002142
0.956388 0.016581 0.027021 0.000010
0.966851 0.000010 0.032197 0.000942
0.949686 0.000549 0.044584 0.005182
0.957498 0.008077 0.034415 0.000010
0.958580 0.003485 0.032931 0.005004
0.957360 0.003181 0.034082 0.005377
0.953402 0.007591 0.032307 0.006700
0.953439 0.000010 0.042138 0.004413
0.953949 0.000010 0.043172 0.002869
0.951103 0.005512 0.041860 0.001524
0.966725 0.000010 0.028385 0.004880
0.955122 0.000627 0.041186 0.003065
0.947733 0.007400 0.042599 0.002268
0.976128 0.000010 0.017074 0.006788
0.960034 0.005925 0.024374 0.009667
0.967197 0.000010 0.027231 0.005562
0.961308 0.000711 0.030691 0.007290
0.967965 0.000010 0.025590 0.006436
0.959456 0.000010 0.032234 0.008300
0.969835 0.000010 0.016588 0.013568
0.967337 0.003076 0.018487 0.011101
0.973810 0.000048 0.015744 0.010398
0.976781 0.000010 0.014386 0.008823
0.978328 0.002508 0.008679 0.010484
0.966924 0.000010 0.018609 0.014457
0.970578 0.002217 0.020059 0.007145
0.970334 0.000010 0.020944 0.008712
0.961533 0.000010 0.019551 0.018905
0.962697 0.002803 0.012838 0.021662
0.950158 0.000010 0.029994 0.019838
0.959982 0.000010 0.021926 0.018082
0.948193 0.000681 0.019801 0.031325
0.955714 0.000010 0.024949 0.019326
0.952089 0.000010 0.021328 0.026573
0.955438 0.000010 0.024183 0.020369
0.955870 0.000010 0.019479 0.024641
0.946397 0.000010 0.028585 0.025008
0.949721 0.000010 0.022900 0.027369
0.944713 0.007068 0.027816 0.020403
0.957730 0.000010 0.018925 0.023334
0.965228 0.006416 0.017422 0.010933
0.949707 0.002253 0.019638 0.028402
0.947177 0.006970 0.021098 0.024754
0.957990 0.002700 0.014516 0.024794
0.955918 0.000010 0.026775 0.017298
0.940100 0.001264 0.025474 0.033162
0.940800 0.000010 0.033822 0.025367
0.961064 0.000010 0.023161 0.015765
0.948373 0.000010 0.027066 0.024551
0.943862 0.004439 0.024060 0.027639
0.959903 0.000010 0.020923 0.019165
0.943211 0.006163 0.025950 0.024676
0.946443 0.000010 0.025587 0.027960
0.958682 0.002593 0.017023 0.021702
0.949829 0.000010 0.016385 0.033776
0.950804 0.006733 0.018073 0.024390
0.950965 0.000010 0.024942 0.024083
0.953896 0.006370 0.022941 0.016793
0.960188 0.000012 0.024567 0.015232
0.945018 0.001574 0.021395 0.032013
0.961114 0.000010 0.025686 0.013190
0.955600 0.000010 0.024782 0.019608
0.955676 0.000010 0.021673 0.022640
0.951600 0.000010 0.029131 0.019259
0.965144 0.000010 0.023528 0.011318
0.949713 0.002584 0.019791 0.027913
0.941535 0.023086 0.035370 0.000010
0.941116 0.019298 0.039576 0.000010
0.932328 0.013167 0.046627 0.007878
0.940455 0.017986 0.041549 0.000010
0.944087 0.009347 0.046557 0.000010
0.941720 0.016933 0.041336 0.000010
0.947266 0.020488 0.032236 0.000010
0.950787 0.011053 0.038150 0.000010
0.934491 0.015795 0.029036 0.020679
0.955111 0.010729 0.034150 0.000010
0.957215 0.005779 0.036996 0.000010
0.959224 0.010530 0.030236 0.000010
0.966068 0.023215 0.010707 0.000010
0.960023 0.010282 0.029685 0.000010
0.970036 0.010185 0.019769 0.000010
0.951261 0.006700 0.042029 0.000010
0.966373 0.012632 0.016018 0.004977
0.960849 0.008715 0.030426 0.000010
0.963426 0.007292 0.029272 0.000010
0.910362 0.034081 0.055547 0.000010
0.901706 0.046328 0.051956 0.000010
0.917802 0.039245 0.042944 0.000010
0.914832 0.035066 0.042594 0.007508
0.915966 0.032059 0.051965 0.000010
0.901600 0.042058 0.056333 0.000010
0.904647 0.041917 0.041364 0.012072
0.911051 0.040314 0.048625 0.000010
0.929678 0.032094 0.038218 0.000010
0.893917 0.041239 0.043443 0.021401
0.916411 0.048767 0.034812 0.000010
0.922730 0.044925 0.032335 0.000010
0.906287 0.049767 0.043937 0.000010
0.910971 0.032570 0.056450 0.000010
0.919748 0.037114 0.043128 0.000010
0.913961 0.048270 0.037760 0.000010
0.911127 0.044327 0.040499 0.004047
0.923376 0.035041 0.041572 0.000010
0.883441 0.029879 0.086670 0.000010
0.851469 0.031710 0.116811 0.000010
0.895564 0.043638 0.060787 0.000010
0.860862 0.026539 0.112589 0.000010
0.877492 0.041181 0.081318 0.000010
0.877547 0.023176 0.099267 0.000010
0.875499 0.030862 0.093629 0.000010
0.861366 0.035540 0.103084 0.000010
0.890768 0.037291 0.071931 0.000010
0.893855 0.031608 0.074527 0.000010
0.885618 0.029342 0.085030 0.000010
0.879841 0.040284 0.079865 0.000010
0.864093 0.030844 0.105053 0.000010
0.885397 0.027704 0.086889 0.000010
0.878235 0.023909 0.097846 0.000010
0.871523 0.034268 0.094199 0.000010
0.880229 0.028315 0.091447 0.000010
0.876094 0.025090 0.098805 0.000010
0.877907 0.026999 0.095084 0.000010
0.890032 0.024505 0.085453 0.000010
0.876159 0.039195 0.084636 0.000010
0.935397 0.025380 0.039213 0.000010
0.925687 0.020337 0.053966 0.000010
0.895255 0.026628 0.078107 0.000010
0.921178 0.026558 0.052254 0.000010
0.923145 0.031702 0.045144 0.000010
0.876925 0.038462 0.084603 0.000010
0.890041 0.023617 0.086332 0.000010
0.932596 0.015076 0.052317 0.000010
0.916376 0.031735 0.051879 0.000010
0.906041 0.025054 0.068894 0.000010
0.912918 0.022003 0.065069 0.000010
0.923015 0.025584 0.051391 0.000010
0.924147 0.041751 0.034093 0.000010
0.859916 0.038189 0.101884 0.000010
0.894640 0.029478 0.075872 0.000010
0.920897 0.027638 0.051455 0.000010
0.889284 0.026856 0.083850 0.000010
0.885238 0.030649 0.084103 0.000010
0.920576 0.031087 0.048327 0.000010
0.896529 0.041497 0.061964 0.000010
0.947727 0.025405 0.026858 0.000010
0.874736 0.034912 0.090342 0.000010
0.873290 0.034235 0.092466 0.000010
0.875727 0.037879 0.086384 0.000010
0.900875 0.018912 0.069619 0.010594
0.881044 0.024550 0.086204 0.008202
0.889645 0.023808 0.078719 0.007828
0.877714 0.021698 0.091725 0.008863
0.896204 0.019564 0.061753 0.022479
0.901084 0.021556 0.072771 0.004589
0.898473 0.009713 0.085949 0.005865
0.865097 0.024696 0.081506 0.028701
0.906100 0.017463 0.076428 0.000010
0.832887 0.029167 0.137936 0.000010
0.872194 0.018927 0.108869 0.000010
0.833895 0.028372 0.137724 0.000010
0.871769 0.035588 0.092633 0.000010
0.894963 0.020167 0.081750 0.003121
0.841281 0.032958 0.121565 0.004196
0.908210 0.020308 0.071472 0.000010
0.974231 0.003583 0.022176 0.000010
0.834735 0.025489 0.132222 0.007554
0.901089 0.024665 0.074236 0.000010
0.972499 0.000804 0.026687 0.000010
0.957398 0.004221 0.038371 0.000010
0.859392 0.021416 0.119183 0.000010
0.918559 0.008886 0.072544 0.000010
0.956645 0.000010 0.021721 0.021624
0.820540 0.016388 0.162838 0.000234
0.898944 0.020185 0.080861 0.000010
0.828917 0.032638 0.136409 0.002036
0.885448 0.037108 0.077434 0.000010
0.833363 0.024575 0.135243 0.006820
0.897119 0.016835 0.082884 0.003162
0.886642 0.026352 0.082178 0.004829
0.808555 0.034179 0.156479 0.000786
0.856203 0.014950 0.128837 0.000010
0.921790 0.025238 0.043155 0.009817
0.964188 0.000010 0.013368 0.022433
0.926992 0.020652 0.052346 0.000010
0.954318 0.006233 0.039440 0.000010
0.852114 0.026878 0.114086 0.006922
0.914728 0.012022 0.073239 0.000010
0.833375 0.025458 0.141157 0.000010
0.804314 0.016044 0.156221 0.023421
0.884548 0.014074 0.099834 0.001543
0.973559 0.012752 0.013679 0.000010
0.863967 0.037388 0.094338 0.004307
0.885843 0.020210 0.091258 0.002690
0.880481 0.018004 0.100825 0.000690
0.956923 0.022291 0.020776 0.000010
0.900179 0.009702 0.078878 0.011241
0.984772 0.001701 0.013517 0.000010
0.893442 0.023826 0.081898 0.000833
0.874637 0.014900 0.110177 0.000286
0.969920 0.000010 0.030060 0.000010
0.892095 0.031130 0.068784 0.007991
0.926180 0.006581 0.067229 0.000010
0.965971 0.001238 0.032782 0.000010
0.907778 0.012417 0.061519 0.018287
0.808028 0.022991 0.167594 0.001387
0.833753 0.023410 0.142827 0.000010
0.842495 0.021516 0.135978 0.000010
0.919058 0.006409 0.074523 0.000010
0.838797 0.023814 0.137379 0.000010
0.980420 0.000010 0.019560 0.000010
0.845836 0.014917 0.134669 0.004578
0.878281 0.021898 0.099811 0.000010
0.982556 0.012082 0.005352 0.000010
0.981736 0.001119 0.017135 0.000010
0.972315 0.013838 0.013836 0.000010
0.976237 0.000010 0.016196 0.007556
0.985087 0.014893 0.000010 0.000010
0.963142 0.013722 0.014018 0.009118
0.975467 0.024513 0.000010 0.000010
0.970811 0.029169 0.000010 0.000010
0.970107 0.025634 0.004248 0.000010
0.965814 0.020251 0.013924 0.000010
0.971912 0.013050 0.015027 0.000010
0.980102 0.014756 0.005132 0.000010
0.965204 0.023434 0.011352 0.000010
0.974029 0.016914 0.009047 0.000010
0.978686 0.017351 0.003954 0.000010
0.959770 0.018082 0.022138 0.000010
0.971549 0.021046 0.007395 0.000010
0.976254 0.020001 0.003735 0.000010
0.961543 0.022675 0.015773 0.000010
0.974496 0.017798 0.007696 0.000010
0.964051 0.020482 0.015457 0.000010
0.970649 0.018066 0.011275 0.000010
0.970705 0.018602 0.010683 0.000010
0.979423 0.012697 0.007869 0.000010
0.964817 0.016359 0.008826 0.009999
0.972577 0.017971 0.009442 0.000010
0.985825 0.009066 0.005099 0.000010
0.984639 0.013620 0.000010 0.001730
0.978183 0.013288 0.008518 0.000010
0.986395 0.011630 0.001965 0.000010
0.982175 0.017805 0.000010 0.000010
0.964480 0.025649 0.009297 0.000573
0.973924 0.025444 0.000622 0.000010
0.983733 0.008801 0.007456 0.000010
0.983416 0.016564 0.000010 0.000010
0.983450 0.016530 0.000010 0.000010
0.975120 0.016741 0.000010 0.008129
0.982118 0.017862 0.000010 0.000010
0.977799 0.022181 0.000010 0.000010
0.976606 0.013045 0.010338 0.000010
0.978357 0.020590 0.001043 0.000010
0.983251 0.016729 0.000010 0.000010
0.978267 0.021713 0.000010 0.000010
0.982407 0.017573 0.000010 0.000010
0.983286 0.016694 0.000010 0.000010
0.990413 0.009567 0.000010 0.000010
0.963905 0.027469 0.008615 0.000010
0.961076 0.035098 0.003816 0.000010
0.965133 0.032389 0.002469 0.000010
0.951356 0.021411 0.027223 0.000010
0.950277 0.031283 0.010264 0.008177
0.962204 0.025182 0.012604 0.000010
0.969119 0.026234 0.004637 0.000010
0.958790 0.032706 0.008494 0.000010
0.972240 0.025197 0.002553 0.000010
0.965980 0.024217 0.009793 0.000010
0.940806 0.017896 0.002398 0.038899
0.939699 0.021502 0.000010 0.038789
0.960568 0.018700 0.004587 0.016144
0.959284 0.017929 0.005084 0.017703
0.970092 0.021542 0.000010 0.008356
0.971579 0.013013 0.006555 0.008853
0.967995 0.019346 0.000010 0.012649
0.969433 0.022866 0.000010 0.007690
0.969954 0.016574 0.000010 0.013462
0.970914 0.022755 0.000010 0.006321
0.973728 0.023569 0.000010 0.002693
0.973309 0.021815 0.000010 0.004866
0.967277 0.019983 0.005071 0.007668
0.952611 0.016488 0.001825 0.029076
0.961613 0.022584 0.000010 0.015792
0.961389 0.018593 0.004444 0.015574
0.968549 0.023986 0.000010 0.007456
0.972269 0.022378 0.000010 0.005343
0.969694 0.022348 0.003488 0.004470
0.973039 0.019154 0.000010 0.007797
0.977186 0.016172 0.000010 0.006632
0.963788 0.026291 0.000563 0.009358
0.975872 0.016371 0.001942 0.005814
0.977078 0.016116 0.001525 0.005281
0.960846 0.016753 0.011359 0.011042
0.951670 0.035347 0.005994 0.006989
0.973690 0.016699 0.000010 0.009601
0.965096 0.019660 0.000010 0.015234
0.967195 0.020385 0.000010 0.012410
0.957312 0.017814 0.011038 0.013836
0.971898 0.022913 0.000010 0.005179
0.959130 0.012234 0.013918 0.014718
0.967452 0.024941 0.000010 0.007598
0.980129 0.015198 0.000010 0.004663
0.981258 0.017271 0.000010 0.001461
0.968423 0.024704 0.000010 0.006863
0.981796 0.018184 0.000010 0.000010
0.972731 0.018189 0.002375 0.006705
0.985773 0.012614 0.000010 0.001603
0.975920 0.022635 0.000010 0.001436
0.961186 0.013548 0.008637 0.016628
0.968139 0.019794 0.000010 0.012057
0.962970 0.019867 0.000010 0.017152
0.963312 0.024616 0.001337 0.010735
0.948580 0.022977 0.007510 0.020934
0.974976 0.019848 0.000010 0.005166
0.975969 0.016214 0.000010 0.007808
0.966000 0.023747 0.000010 0.010243
0.972908 0.021438 0.000010 0.005644
0.974277 0.020726 0.000010 0.004987
0.971053 0.024703 0.003285 0.000959
0.971812 0.016212 0.000010 0.011967
0.973931 0.013621 0.007672 0.004777
0.966702 0.013886 0.003444 0.015967
0.952185 0.030477 0.000010 0.017327
0.950516 0.013967 0.019230 0.016287
0.951145 0.009312 0.021598 0.017944
0.955887 0.005654 0.027145 0.011315
0.959806 0.013152 0.019562 0.007480
0.956531 0.002496 0.028695 0.012279
0.952903 0.009557 0.027267 0.010273
0.955490 0.007307 0.025082 0.012120
0.945669 0.015951 0.005503 0.032878
0.960802 0.016570 0.000010 0.022619
0.954833 0.011894 0.003815 0.029457
0.938866 0.003816 0.025012 0.032307
0.951238 0.006656 0.012633 0.029473
0.948795 0.007312 0.008439 0.035453
0.955300 0.010068 0.011322 0.023311
0.953607 0.003720 0.011753 0.030921
0.971119 0.011488 0.006528 0.010865
0.960901 0.002288 0.018928 0.017884
0.962342 0.010776 0.010364 0.016518
0.957865 0.000010 0.019815 0.022310
0.958447 0.008978 0.012171 0.020405
0.974573 0.010264 0.000010 0.015153
0.957293 0.008666 0.011352 0.022688
0.966569 0.001584 0.013783 0.018063
0.962880 0.007479 0.015783 0.013858
0.953897 0.013596 0.018237 0.014270
0.965472 0.010186 0.008247 0.016095
0.968265 0.004938 0.014411 0.012386
0.925185 0.005270 0.000741 0.068803
0.939943 0.000010 0.016826 0.043220
0.945645 0.000010 0.017662 0.036683
0.944476 0.002932 0.009929 0.042663
0.936653 0.002427 0.003716 0.057204
0.938210 0.000577 0.019606 0.041606
0.937689 0.001789 0.008493 0.052029
0.943619 0.001965 0.008659 0.045758
0.941736 0.000010 0.007033 0.051221
0.937535 0.004315 0.009563 0.048587
0.945689 0.000010 0.015263 0.039039
0.937372 0.000010 0.010464 0.052154
0.936068 0.000010 0.023568 0.040355
0.949828 0.000010 0.011897 0.038264
0.954004 0.000010 0.007571 0.038415
0.940230 0.000010 0.017122 0.042638
0.940933 0.004873 0.014432 0.039762
0.947034 0.004215 0.015998 0.032753
0.935321 0.000010 0.023319 0.041350
0.939147 0.016459 0.005441 0.038953
0.948600 0.000010 0.012768 0.038622
0.957764 0.000587 0.011402 0.030247
0.944468 0.011885 0.017297 0.026350
0.953245 0.012270 0.016170 0.018316
0.957531 0.000010 0.007256 0.035203
0.959167 0.000010 0.017210 0.023612
0.951760 0.005269 0.016959 0.026012
0.961481 0.008742 0.007790 0.021986
0.962743 0.001776 0.020258 0.015223
0.969327 0.001278 0.007446 0.021949
0.994702 0.000010 0.000010 0.005278
0.996220 0.000015 0.000010 0.003755
0.994679 0.000162 0.000010 0.005149
0.999970 0.000010 0.000010 0.000010
0.996467 0.000010 0.000010 0.003513
0.999970 0.000010 0.000010 0.000010
0.999965 0.000010 0.000015 0.000010
0.988477 0.006273 0.000010 0.005239
0.997083 0.000010 0.000010 0.002897
0.994010 0.000010 0.000010 0.005970
0.997143 0.000011 0.000010 0.002837
0.997947 0.000010 0.000010 0.002033
0.999970 0.000010 0.000010 0.000010
0.996413 0.000010 0.000010 0.003567
0.992699 0.000010 0.004764 0.002527
0.995531 0.000532 0.001575 0.002362
0.999970 0.000010 0.000010 0.000010
0.999970 0.000010 0.000010 0.000010
0.993170 0.000010 0.000524 0.006297
0.996013 0.000010 0.000010 0.003967
0.996679 0.000010 0.000010 0.003301
0.996670 0.000010 0.000010 0.003310
0.996197 0.000407 0.000010 0.003386
0.994350 0.000010 0.000010 0.005630
0.999783 0.000197 0.000010 0.000010
0.995944 0.000010 0.000010 0.004036
0.997729 0.002251 0.000010 0.000010
0.748285 0.000010 0.000401 0.251304
0.753984 0.000010 0.002898 0.243108
0.752649 0.000010 0.002394 0.244947
0.732069 0.000010 0.007591 0.260330
0.754733 0.000010 0.008952 0.236305
0.751545 0.000010 0.000157 0.248288
0.799731 0.000010 0.007969 0.192291
0.795749 0.000010 0.013264 0.190977
0.788617 0.000010 0.016990 0.194383
0.759278 0.002603 0.013711 0.224408
0.762481 0.000010 0.018998 0.218511
0.819401 0.000010 0.003391 0.177199
0.763087 0.000010 0.012077 0.224826
0.803708 0.000010 0.015901 0.180381
0.758609 0.000010 0.013894 0.227487
0.770819 0.000010 0.009881 0.219290
0.816355 0.000452 0.000568 0.182624
0.776559 0.000010 0.005548 0.217883
0.763296 0.000010 0.008769 0.227925
0.760615 0.000010 0.018957 0.220418
0.773194 0.000010 0.003716 0.223080
0.785723 0.000010 0.000010 0.214257
0.779530 0.000010 0.013316 0.207144
0.803330 0.005276 0.000010 0.191384
0.767854 0.000010 0.000010 0.232126
0.744549 0.000010 0.000010 0.255431
0.783981 0.000010 0.007924 0.208085
0.751736 0.000010 0.012817 0.235437
0.762285 0.000010 0.012561 0.225144
0.821676 0.000010 0.009572 0.168743
0.792636 0.000010 0.003965 0.203389
0.783618 0.000010 0.001033 0.215339
0.780370 0.000010 0.000010 0.219610
0.794959 0.000010 0.006830 0.198200
0.716915 0.000010 0.003014 0.280061
0.790656 0.000010 0.001444 0.207890
0.757309 0.000010 0.000788 0.241893
0.772301 0.000010 0.009982 0.217707
0.781305 0.000010 0.009532 0.209153
0.775209 0.000010 0.009266 0.215515
0.790335 0.000010 0.002134 0.207521
0.798409 0.000010 0.003435 0.198147
0.894782 0.000010 0.018176 0.087032
0.915670 0.000010 0.013219 0.071100
0.922955 0.000010 0.012325 0.064710
0.936396 0.000010 0.007994 0.055599
0.926101 0.000010 0.015995 0.057894
0.931135 0.000010 0.001962 0.066892
0.915616 0.000010 0.001871 0.082503
0.908629 0.000010 0.007371 0.083990
0.916304 0.000010 0.012222 0.071465
0.930974 0.000010 0.004491 0.064525
0.919264 0.000010 0.012280 0.068446
0.918503 0.000010 0.010765 0.070722
0.929006 0.000010 0.015285 0.055699
0.913763 0.000010 0.019780 0.066447
0.934868 0.000010 0.007512 0.057611
0.913366 0.000010 0.020808 0.065817
0.910819 0.000010 0.011347 0.077824
0.922485 0.000010 0.015616 0.061888
0.930305 0.000010 0.011715 0.057969
0.924512 0.000010 0.012912 0.062567
0.901135 0.000010 0.039460 0.059394
0.937989 0.004449 0.022544 0.035017
0.930779 0.000010 0.015850 0.053360
0.929304 0.000010 0.010870 0.059817
0.917620 0.000010 0.028100 0.054270
0.904252 0.000010 0.024424 0.071314
0.924785 0.000010 0.015652 0.059553
0.929931 0.000010 0.014523 0.055536
0.920357 0.000010 0.020057 0.059576
0.918335 0.000010 0.023163 0.058492
0.926924 0.000010 0.019367 0.053700
0.911637 0.000010 0.021251 0.067102
0.925915 0.000010 0.016408 0.057668
0.926674 0.000010 0.014044 0.059272
0.915973 0.000010 0.021223 0.062794
0.839930 0.000010 0.016355 0.143705
0.852397 0.000010 0.014808 0.132785
0.840841 0.000010 0.009384 0.149765
0.795429 0.000010 0.025486 0.179075
0.801430 0.000010 0.015944 0.182616
0.799455 0.000010 0.021248 0.179287
0.822460 0.000010 0.014772 0.162758
0.834410 0.000010 0.023244 0.142335
0.831581 0.000010 0.017802 0.150607
0.852808 0.000010 0.025277 0.121905
0.838043 0.000010 0.021458 0.140489
0.836185 0.000010 0.022393 0.141412
0.828384 0.000010 0.002658 0.168948
0.836567 0.000010 0.017490 0.145933
0.822598 0.000010 0.012670 0.164722
0.831968 0.000010 0.018836 0.149187
0.846594 0.000010 0.012173 0.141223
0.822733 0.000010 0.032556 0.144701
0.727223 0.007888 0.052012 0.212877
0.635307 0.000010 0.030961 0.333722
0.800419 0.000010 0.043767 0.155803
0.878888 0.000010 0.037478 0.083624
0.898728 0.000010 0.020904 0.080359
0.838619 0.000010 0.036343 0.125029
0.859119 0.000010 0.024002 0.116869
0.813770 0.000010 0.023741 0.162479
0.879427 0.000010 0.035218 0.085345
0.881610 0.000010 0.026820 0.091559
0.894871 0.003427 0.030181 0.071521
0.902952 0.000010 0.012352 0.084686
0.841985 0.000010 0.023354 0.134650
0.888765 0.000010 0.020972 0.090253
0.888601 0.000010 0.032780 0.078609
0.884608 0.000968 0.032768 0.081656
0.883337 0.000010 0.031373 0.085280
0.876701 0.000010 0.021278 0.102012
0.835666 0.000010 0.017436 0.146888
0.843710 0.000010 0.022253 0.134027
0.863372 0.003727 0.023023 0.109878
0.865027 0.000010 0.029697 0.105266
0.846142 0.000010 0.016867 0.136981
0.902536 0.000010 0.014645 0.082809
0.826729 0.000010 0.021857 0.151404
0.897582 0.000010 0.024744 0.077664
0.893354 0.000010 0.033266 0.073370
0.870707 0.000010 0.020685 0.108598
0.818681 0.000010 0.007928 0.173381
0.885101 0.000010 0.027643 0.087246
0.898559 0.000627 0.039010 0.061803
0.909702 0.000710 0.025413 0.064175
0.910226 0.000010 0.028525 0.061239
0.910755 0.000010 0.019392 0.069843
0.920097 0.000010 0.022402 0.057492
0.867947 0.000010 0.029239 0.102804
0.883766 0.000010 0.035522 0.080702
0.900360 0.000010 0.028918 0.070713
0.873805 0.000010 0.019400 0.106785
0.874242 0.000010 0.029145 0.096604
0.927377 0.003002 0.018059 0.051562
0.906941 0.000010 0.028336 0.064713
0.917399 0.000010 0.018522 0.064069
0.915388 0.000010 0.025030 0.059571
0.891914 0.000010 0.028266 0.079809
0.912049 0.000010 0.022893 0.065048
0.906728 0.000608 0.028885 0.063778
0.920122 0.000010 0.019586 0.060282
0.891151 0.000010 0.029798 0.079041
0.908315 0.000010 0.020229 0.071446
0.883800 0.000010 0.029238 0.086952
0.899318 0.000010 0.030537 0.070135
0.900971 0.000010 0.022969 0.076050
0.911543 0.000010 0.022938 0.065510
0.892487 0.000010 0.024291 0.083213
0.921152 0.000010 0.018820 0.060018
0.894408 0.000414 0.025196 0.079983
0.915174 0.000010 0.021892 0.062924
0.869572 0.000010 0.021353 0.109065
0.924605 0.000010 0.011163 0.064222
0.914617 0.000010 0.024316 0.061057
0.901672 0.000010 0.025136 0.073182
0.904920 0.000010 0.027535 0.067535
0.916150 0.000010 0.019921 0.063919
0.911140 0.000010 0.020093 0.068757
0.870798 0.000010 0.026552 0.102640
0.911260 0.003783 0.020542 0.064415
0.893470 0.000010 0.023648 0.082872
0.897682 0.000010 0.038777 0.063530
0.877897 0.000010 0.017683 0.104410
0.879991 0.017005 0.072301 0.030702
0.925218 0.003922 0.026116 0.044743
0.895765 0.006558 0.063659 0.034018
0.967919 0.003786 0.012487 0.015808
0.926585 0.000022 0.035666 0.037727
0.935801 0.000010 0.026412 0.037776
0.878378 0.000010 0.027242 0.094370
0.905048 0.000010 0.028540 0.066402
0.907232 0.004959 0.033877 0.053932
0.913374 0.000010 0.020768 0.065848
0.879757 0.000010 0.020165 0.100067
0.895653 0.000010 0.032195 0.072142
0.885683 0.000010 0.040183 0.074123
0.870635 0.006040 0.058160 0.065165
0.893096 0.000010 0.035419 0.071475
0.887621 0.000010 0.026444 0.085925
0.875524 0.000010 0.050667 0.073800
0.982320 0.015530 0.000357 0.001794
0.900494 0.001005 0.042027 0.056474
0.888479 0.000010 0.023094 0.088416
0.932176 0.000010 0.029572 0.038242
0.848187 0.006989 0.044774 0.100051
0.865867 0.000600 0.048636 0.084897
0.874848 0.000669 0.047944 0.076539
0.969882 0.030098 0.000010 0.000010
0.978115 0.021865 0.000010 0.000010
0.975573 0.024407 0.000010 0.000010
0.981130 0.018850 0.000010 0.000010
0.983862 0.016118 0.000010 0.000010
0.981688 0.018292 0.000010 0.000010
0.974899 0.025081 0.000010 0.000010
0.989740 0.010240 0.000010 0.000010
0.976302 0.023678 0.000010 0.000010
0.976405 0.018146 0.002171 0.003278
0.982463 0.017517 0.000010 0.000010
0.986857 0.013123 0.000010 0.000010
0.987671 0.012309 0.000010 0.000010
0.988332 0.011648 0.000010 0.000010
0.987433 0.012547 0.000010 0.000010
0.983536 0.016444 0.000010 0.000010
0.973831 0.026149 0.000010 0.000010
0.983283 0.016697 0.000010 0.000010
0.980754 0.019226 0.000010 0.000010
0.969985 0.029995 0.000010 0.000010
0.980444 0.019269 0.000278 0.000010
0.982410 0.017570 0.000010 0.000010
0.983640 0.016340 0.000010 0.000010
0.989293 0.010687 0.000010 0.000010
0.986799 0.013181 0.000010 0.000010
0.984914 0.015066 0.000010 0.000010
0.986097 0.013883 0.000010 0.000010
0.981756 0.018224 0.000010 0.000010
0.984499 0.015481 0.000010 0.000010
0.982001 0.017979 0.000010 0.000010
0.984902 0.015078 0.000010 0.000010
0.988748 0.011232 0.000010 0.000010
0.978991 0.020989 0.000010 0.000010
0.985193 0.014787 0.000010 0.000010
0.980972 0.019008 0.000010 0.000010
0.985711 0.014269 0.000010 0.000010
0.978958 0.021022 0.000010 0.000010
0.981410 0.018570 0.000010 0.000010
0.981935 0.018045 0.000010 0.000010
0.976736 0.023244 0.000010 0.000010
0.984609 0.015371 0.000010 0.000010
0.961985 0.035185 0.002820 0.000010
0.955487 0.042734 0.001769 0.000010
0.949964 0.043060 0.006966 0.000010
0.945740 0.036485 0.017765 0.000010
0.945159 0.049533 0.005297 0.000010
0.954301 0.041786 0.003903 0.000010
0.932361 0.047854 0.019775 0.000010
0.955586 0.044394 0.000010 0.000010
0.944626 0.047554 0.007810 0.000010
0.951370 0.039664 0.008956 0.000010
0.954643 0.040613 0.004734 0.000010
0.945109 0.047359 0.007523 0.000010
0.944374 0.040052 0.015564 0.000010
0.951599 0.039377 0.009014 0.000010
0.960244 0.033641 0.006105 0.000010
0.956187 0.029824 0.013978 0.000010
0.933021 0.045364 0.021605 0.000010
0.946006 0.052442 0.001542 0.000010
0.953357 0.036748 0.009886 0.000010
0.952837 0.047143 0.000010 0.000010
0.962872 0.037108 0.000010 0.000010
0.967250 0.032730 0.000010 0.000010
0.961983 0.030195 0.007812 0.000010
0.960381 0.039599 0.000010 0.000010
0.961543 0.038437 0.000010 0.000010
0.949982 0.039460 0.010549 0.000010
0.957249 0.042731 0.000010 0.000010
0.959325 0.032837 0.007829 0.000010
0.969566 0.028767 0.001657 0.000010
0.968352 0.031105 0.000533 0.000010
